0 0.4699 0.7623 0.0368 0.0642
0 0.4099 0.6701 0.0402 0.0470
0 0.3571 0.5988 0.0392 0.0487
0 0.4336 0.3742 0.0376 0.0475
0 0.3721 0.4368 0.0321 0.0397
0 0.3600 0.4671 0.0295 0.0430
0 0.4018 0.7384 0.0397 0.0470
0 0.5989 0.6332 0.0372 0.0515
0 0.5084 0.4367 0.0315 0.0416
0 0.3129 0.4568 0.0363 0.0465
0 0.3365 0.3749 0.0359 0.0525
0 0.5080 0.5936 0.0331 0.0379
0 0.3296 0.5100 0.0286 0.0395
0 0.4016 0.4486 0.0376 0.0421
0 0.3035 0.4172 0.0230 0.0450
0 0.3280 0.5626 0.0317 0.0372
0 0.3008 0.6177 0.0463 0.0581
0 0.2998 0.4931 0.0328 0.0442
0 0.2923 0.5688 0.0372 0.0401
0 0.5279 0.4081 0.0339 0.0470
0 0.3554 0.5473 0.0314 0.0409
0 0.4838 0.3108 0.0299 0.0374
0 0.4494 0.3114 0.0343 0.0490
0 0.3586 0.6691 0.0384 0.0438
0 0.3297 0.4121 0.0371 0.0554
0 0.4650 0.3548 0.0397 0.0509
0 0.3056 0.5366 0.0386 0.0452
0 0.5295 0.6747 0.0342 0.0528
0 0.3977 0.4027 0.0445 0.0449
0 0.5270 0.3646 0.0390 0.0443
0 0.3989 0.3689 0.0374 0.0386
0 0.3787 0.7042 0.0357 0.0469
0 0.3855 0.5792 0.0386 0.0376
0 0.3692 0.3746 0.0367 0.0490
0 0.4507 0.4668 0.0399 0.0365
0 0.4970 0.3933 0.0385 0.0436
0 0.4134 0.3249 0.0302 0.0416
0 0.4907 0.6893 0.0304 0.0462
0 0.4048 0.6061 0.0399 0.0431
0 0.4607 0.6745 0.0278 0.0356
