0 0.4088 0.5669 0.0394 0.0605
0 0.5628 0.3410 0.0433 0.0578
0 0.4150 0.3554 0.0356 0.0506
0 0.4323 0.5319 0.0376 0.0463
0 0.5756 0.7027 0.0398 0.0517
0 0.5852 0.5703 0.0388 0.0442
0 0.6130 0.3236 0.0374 0.0432
0 0.4588 0.5048 0.0381 0.0453
0 0.6699 0.4667 0.0420 0.0437
0 0.6063 0.2806 0.0353 0.0395
0 0.4323 0.6526 0.0333 0.0551
0 0.6497 0.3497 0.0410 0.0441
0 0.4386 0.4350 0.0356 0.0422
0 0.6008 0.3624 0.0347 0.0414
0 0.6368 0.6209 0.0395 0.0432
0 0.4536 0.6869 0.0383 0.0503
0 0.6485 0.5504 0.0350 0.0502
0 0.4324 0.3933 0.0368 0.0461
0 0.6629 0.5914 0.0387 0.0422
0 0.5078 0.6887 0.0354 0.0459
0 0.4566 0.3735 0.0347 0.0410
0 0.4439 0.3380 0.0325 0.0402
0 0.6202 0.5349 0.0355 0.0487
0 0.5495 0.2591 0.0344 0.0429
0 0.6399 0.2946 0.0366 0.0425
0 0.6140 0.4870 0.0358 0.0415
0 0.4990 0.3307 0.0371 0.0457
0 0.5299 0.3136 0.0323 0.0461
0 0.5550 0.5570 0.0294 0.0366
0 0.4784 0.6973 0.0340 0.0504
0 0.6716 0.5141 0.0314 0.0397
0 0.5587 0.2259 0.0337 0.0340
0 0.6428 0.5025 0.0330 0.0432
0 0.5848 0.2482 0.0314 0.0371
0 0.5299 0.2294 0.0330 0.0375
0 0.6148 0.6509 0.0379 0.0506
0 0.6147 0.5842 0.0391 0.0433
0 0.6808 0.5493 0.0347 0.0392
0 0.5755 0.6557 0.0345 0.0423
0 0.5759 0.2875 0.0371 0.0412
