0 0.5633 0.8404 0.0353 0.0546
0 0.3952 0.7424 0.0359 0.0489
0 0.3988 0.5721 0.0409 0.0470
0 0.6121 0.7360 0.0438 0.0461
0 0.5036 0.6966 0.0361 0.0451
0 0.4641 0.5880 0.0343 0.0396
0 0.4392 0.8540 0.0360 0.0466
0 0.3634 0.7352 0.0373 0.0459
0 0.3597 0.6933 0.0463 0.0507
0 0.4726 0.8391 0.0324 0.0431
0 0.5176 0.5603 0.0371 0.0390
0 0.5939 0.6223 0.0389 0.0456
0 0.5016 0.8109 0.0365 0.0499
0 0.6188 0.6561 0.0356 0.0392
0 0.5279 0.5991 0.0348 0.0466
0 0.4606 0.6290 0.0362 0.0430
0 0.4203 0.6040 0.0347 0.0409
0 0.6011 0.7852 0.0360 0.0445
0 0.4225 0.7891 0.0403 0.0553
0 0.5687 0.7772 0.0327 0.0435
0 0.3759 0.6163 0.0358 0.0440
0 0.4798 0.5460 0.0385 0.0449
0 0.4722 0.7098 0.0340 0.0492
0 0.4913 0.6183 0.0353 0.0454
0 0.6069 0.6897 0.0365 0.0407
0 0.5788 0.7104 0.0342 0.0384
0 0.5746 0.6560 0.0369 0.0447
0 0.4799 0.6612 0.0359 0.0425
