0 0.5637 0.8404 0.0354 0.0543
0 0.3988 0.5727 0.0424 0.0477
0 0.6117 0.7364 0.0442 0.0482
0 0.4639 0.5885 0.0347 0.0388
0 0.5035 0.6969 0.0362 0.0445
0 0.4387 0.8542 0.0356 0.0486
0 0.3637 0.7350 0.0376 0.0458
0 0.3958 0.7426 0.0344 0.0494
0 0.3592 0.6933 0.0460 0.0498
0 0.5935 0.6229 0.0389 0.0464
0 0.5175 0.5607 0.0364 0.0389
0 0.4201 0.6043 0.0341 0.0397
0 0.4738 0.8396 0.0318 0.0450
0 0.4606 0.6295 0.0370 0.0427
0 0.6187 0.6564 0.0351 0.0398
0 0.5280 0.5993 0.0345 0.0466
0 0.4225 0.7896 0.0395 0.0529
0 0.5018 0.8111 0.0351 0.0487
0 0.5693 0.7778 0.0343 0.0460
0 0.3758 0.6163 0.0362 0.0438
0 0.4909 0.6182 0.0341 0.0419
0 0.4725 0.7100 0.0343 0.0504
0 0.6074 0.6899 0.0362 0.0408
0 0.5748 0.6560 0.0346 0.0411
0 0.5791 0.7103 0.0343 0.0373
0 0.6012 0.7853 0.0347 0.0452
0 0.4799 0.5457 0.0390 0.0436
0 0.4815 0.6578 0.0369 0.0428
