0 0.5547 0.5249 0.0321 0.0415
0 0.6141 0.6268 0.0385 0.0454
0 0.5442 0.7223 0.0334 0.0527
0 0.4728 0.5067 0.0351 0.0516
0 0.4550 0.5422 0.0322 0.0394
0 0.4744 0.6076 0.0350 0.0443
0 0.4552 0.7320 0.0360 0.0479
0 0.5969 0.5144 0.0374 0.0483
0 0.4959 0.8242 0.0338 0.0502
0 0.5552 0.8236 0.0331 0.0356
0 0.5336 0.4986 0.0277 0.0378
0 0.6388 0.6986 0.0339 0.0481
0 0.4192 0.5423 0.0359 0.0402
0 0.6352 0.5715 0.0348 0.0466
0 0.5855 0.7954 0.0295 0.0281
0 0.5943 0.5733 0.0377 0.0468
0 0.5277 0.8248 0.0257 0.0412
0 0.5700 0.7712 0.0248 0.0335
0 0.4621 0.6516 0.0377 0.0452
0 0.6161 0.7275 0.0274 0.0420
0 0.6175 0.7729 0.0299 0.0322
