0 0.420312 0.580208 0.034375 0.047917
0 0.547656 0.740625 0.029687 0.047917
0 0.571875 0.783333 0.031250 0.058333
0 0.459375 0.521875 0.046875 0.047917
0 0.532031 0.484375 0.035937 0.039583
0 0.584375 0.579167 0.034375 0.045833
0 0.617969 0.638542 0.029687 0.043750
0 0.634375 0.677083 0.031250 0.041667
0 0.666406 0.681250 0.026562 0.045833
0 0.648438 0.640625 0.028125 0.039583
0 0.707812 0.651042 0.031250 0.047917
0 0.678906 0.634375 0.026562 0.039583
0 0.709375 0.605208 0.034375 0.043750
0 0.684375 0.591667 0.025000 0.045833
0 0.657031 0.596875 0.029687 0.039583
0 0.631250 0.572917 0.028125 0.045833
0 0.608594 0.543750 0.029687 0.041667
0 0.608594 0.500000 0.023438 0.045833
0 0.634375 0.515625 0.031250 0.047917
0 0.660156 0.553125 0.032813 0.047917
0 0.693750 0.547917 0.025000 0.037500
0 0.721875 0.536458 0.028125 0.035417
0 0.721875 0.490625 0.034375 0.043750
0 0.698438 0.507292 0.021875 0.035417
0 0.665625 0.506250 0.031250 0.041667
0 0.685937 0.481250 0.018750 0.041667
0 0.658594 0.467708 0.026562 0.035417
0 0.692187 0.436458 0.028125 0.039583
0 0.660937 0.434375 0.031250 0.035417
0 0.634375 0.434375 0.025000 0.035417
0 0.663281 0.402083 0.026562 0.033333
0 0.608594 0.422917 0.026562 0.037500
0 0.579688 0.433333 0.031250 0.037500
0 0.632031 0.393750 0.032813 0.037500
0 0.660156 0.358333 0.029687 0.050000
0 0.628906 0.352083 0.026562 0.037500
0 0.601562 0.379167 0.025000 0.037500
0 0.573438 0.381250 0.025000 0.041667
0 0.603906 0.345833 0.026562 0.041667
0 0.572656 0.339583 0.032813 0.037500
