0 0.5694 0.5868 0.0327 0.0375
0 0.4770 0.6749 0.0342 0.0388
0 0.6095 0.6285 0.0376 0.0454
0 0.5721 0.5372 0.0272 0.0420
0 0.5711 0.6413 0.0273 0.0445
0 0.5398 0.5407 0.0293 0.0401
0 0.6170 0.4930 0.0330 0.0457
0 0.6271 0.4055 0.0381 0.0565
0 0.4304 0.7855 0.0437 0.0511
0 0.5932 0.5630 0.0320 0.0426
0 0.5589 0.7576 0.0341 0.0494
0 0.4777 0.7165 0.0346 0.0459
0 0.5392 0.6476 0.0327 0.0476
0 0.4931 0.6327 0.0311 0.0398
0 0.5488 0.5030 0.0328 0.0418
0 0.6179 0.5423 0.0292 0.0461
0 0.5525 0.4073 0.0308 0.0462
0 0.4084 0.6239 0.0314 0.0429
0 0.5547 0.4638 0.0347 0.0425
0 0.6166 0.6702 0.0335 0.0460
0 0.5865 0.4704 0.0311 0.0418
0 0.6182 0.4553 0.0309 0.0469
0 0.5780 0.4340 0.0320 0.0453
0 0.6673 0.5247 0.0357 0.0501
0 0.5335 0.7740 0.0299 0.0446
0 0.5514 0.7088 0.0333 0.0513
0 0.4428 0.7461 0.0346 0.0438
0 0.5180 0.7420 0.0366 0.0477
0 0.6697 0.5718 0.0350 0.0519
0 0.5864 0.6787 0.0327 0.0497
0 0.6505 0.4535 0.0316 0.0535
0 0.5980 0.3838 0.0321 0.0491
0 0.5785 0.7243 0.0298 0.0478
0 0.6444 0.5972 0.0328 0.0550
0 0.5160 0.6745 0.0337 0.0395
0 0.4707 0.7674 0.0270 0.0484
0 0.5009 0.7716 0.0299 0.0472
0 0.6448 0.5464 0.0226 0.0443
0 0.6071 0.7121 0.0288 0.0535
0 0.6508 0.4890 0.0256 0.0434
