0 0.3135 0.6675 0.0307 0.0399
0 0.4384 0.7265 0.0350 0.0411
0 0.4950 0.7365 0.0364 0.0553
0 0.4331 0.5886 0.0279 0.0375
0 0.3144 0.5879 0.0332 0.0418
0 0.3158 0.6277 0.0350 0.0441
0 0.5659 0.6574 0.0350 0.0507
0 0.3305 0.5361 0.0380 0.0481
0 0.4721 0.7986 0.0356 0.0448
0 0.4187 0.5236 0.0398 0.0462
0 0.4319 0.6392 0.0353 0.0518
0 0.4685 0.5339 0.0398 0.0505
0 0.5475 0.5277 0.0362 0.0487
0 0.4496 0.7610 0.0283 0.0389
0 0.4883 0.6635 0.0331 0.0469
0 0.5033 0.7808 0.0381 0.0433
0 0.3663 0.6608 0.0339 0.0493
0 0.3978 0.6901 0.0300 0.0420
0 0.5561 0.6992 0.0298 0.0409
0 0.3643 0.7072 0.0362 0.0434
0 0.4514 0.6798 0.0393 0.0452
0 0.4070 0.5667 0.0328 0.0345
0 0.4009 0.7894 0.0298 0.0391
0 0.5268 0.6841 0.0341 0.0506
0 0.3330 0.7212 0.0328 0.0408
0 0.5415 0.7359 0.0357 0.0489
0 0.5091 0.6333 0.0322 0.0395
0 0.4269 0.8034 0.0312 0.0448
0 0.4915 0.4983 0.0348 0.0466
0 0.3739 0.4771 0.0299 0.0403
0 0.4053 0.4780 0.0352 0.0416
0 0.3871 0.5937 0.0350 0.0470
0 0.4949 0.5941 0.0352 0.0441
0 0.3745 0.5359 0.0346 0.0355
0 0.4543 0.4761 0.0338 0.0457
0 0.3447 0.5939 0.0315 0.0399
0 0.3925 0.7491 0.0261 0.0400
0 0.3644 0.7711 0.0357 0.0503
0 0.4208 0.7572 0.0267 0.0454
0 0.4620 0.5843 0.0342 0.0416
