0 0.658594 0.759375 0.039062 0.052083
0 0.511719 0.548958 0.026562 0.035417
0 0.489844 0.761458 0.035937 0.060417
0 0.464844 0.781250 0.026562 0.041667
0 0.485156 0.565625 0.035937 0.047917
0 0.564063 0.791667 0.034375 0.037500
0 0.519531 0.667708 0.039062 0.043750
0 0.639062 0.534375 0.050000 0.056250
0 0.557031 0.598958 0.039062 0.052083
0 0.447656 0.751042 0.026562 0.039583
0 0.500781 0.627083 0.035937 0.045833
0 0.490625 0.811458 0.037500 0.043750
0 0.424219 0.654167 0.045312 0.050000
0 0.674219 0.592708 0.051562 0.060417
0 0.430469 0.711458 0.042188 0.052083
0 0.501563 0.514583 0.037500 0.041667
0 0.564063 0.832292 0.031250 0.047917
0 0.612500 0.813542 0.037500 0.043750
0 0.536719 0.536458 0.032813 0.039583
0 0.529687 0.612500 0.037500 0.050000
0 0.518750 0.488542 0.043750 0.043750
