0 0.3967 0.6839 0.0409 0.0511
0 0.5990 0.6388 0.0361 0.0508
0 0.5060 0.5885 0.0366 0.0467
0 0.4139 0.6102 0.0319 0.0374
0 0.4686 0.7630 0.0347 0.0614
0 0.3001 0.4898 0.0308 0.0438
0 0.5291 0.4136 0.0378 0.0469
0 0.4957 0.4023 0.0391 0.0479
0 0.5132 0.7094 0.0412 0.0564
0 0.3295 0.5685 0.0348 0.0386
0 0.3035 0.5348 0.0401 0.0464
0 0.3052 0.6078 0.0400 0.0499
0 0.4356 0.3740 0.0382 0.0457
0 0.3128 0.4578 0.0382 0.0452
0 0.3300 0.5098 0.0283 0.0350
0 0.4520 0.4788 0.0432 0.0529
0 0.3888 0.5822 0.0375 0.0400
0 0.5260 0.3699 0.0437 0.0441
0 0.4017 0.7286 0.0352 0.0488
0 0.3042 0.4166 0.0273 0.0423
0 0.4150 0.3229 0.0332 0.0414
0 0.3720 0.3738 0.0365 0.0454
0 0.4022 0.3672 0.0334 0.0384
0 0.2924 0.5701 0.0376 0.0405
0 0.3380 0.3746 0.0370 0.0466
0 0.3600 0.6693 0.0359 0.0438
0 0.4681 0.3496 0.0311 0.0414
0 0.3732 0.4388 0.0352 0.0414
0 0.3331 0.4124 0.0366 0.0466
0 0.4824 0.3109 0.0276 0.0372
0 0.3455 0.4772 0.0299 0.0390
0 0.3661 0.7223 0.0336 0.0501
0 0.4838 0.6975 0.0320 0.0535
0 0.4027 0.4499 0.0355 0.0414
0 0.4015 0.4052 0.0443 0.0453
0 0.4527 0.3115 0.0299 0.0446
0 0.4409 0.7124 0.0283 0.0341
0 0.5093 0.4432 0.0299 0.0469
0 0.3550 0.5974 0.0352 0.0450
0 0.3542 0.5588 0.0321 0.0399
