0 0.586719 0.646875 0.035937 0.052083
0 0.357812 0.735417 0.034375 0.045833
0 0.356250 0.521875 0.037500 0.052083
0 0.503125 0.463542 0.040625 0.047917
0 0.376563 0.604167 0.025000 0.037500
0 0.535156 0.551042 0.035937 0.043750
0 0.578125 0.701042 0.034375 0.056250
0 0.464062 0.717708 0.037500 0.047917
0 0.495312 0.522917 0.040625 0.050000
0 0.415625 0.697917 0.031250 0.041667
0 0.326562 0.618750 0.028125 0.037500
0 0.539844 0.596875 0.035937 0.043750
0 0.360938 0.683333 0.028125 0.037500
0 0.472656 0.561458 0.032813 0.039583
0 0.385156 0.484375 0.029687 0.043750
0 0.491406 0.689583 0.039062 0.045833
0 0.359375 0.637500 0.034375 0.041667
0 0.519531 0.625000 0.032813 0.037500
0 0.391406 0.669792 0.035937 0.039583
0 0.552344 0.745833 0.032813 0.045833
0 0.422656 0.797917 0.035937 0.041667
0 0.343750 0.587500 0.034375 0.041667
0 0.437500 0.669792 0.028125 0.039583
0 0.470313 0.654167 0.037500 0.041667
0 0.504687 0.790625 0.031250 0.043750
0 0.432812 0.604167 0.025000 0.045833
0 0.333594 0.670833 0.039062 0.045833
0 0.510938 0.582292 0.034375 0.039583
0 0.425781 0.746875 0.035937 0.047917
0 0.476562 0.794792 0.034375 0.047917
0 0.558594 0.516667 0.035937 0.037500
0 0.405469 0.587500 0.032813 0.054167
0 0.395313 0.770833 0.031250 0.050000
0 0.483594 0.615625 0.039062 0.043750
0 0.418750 0.481250 0.028125 0.045833
0 0.521875 0.755208 0.034375 0.052083
0 0.482031 0.756250 0.026562 0.041667
0 0.452344 0.760417 0.029687 0.050000
0 0.446094 0.475000 0.029687 0.041667
0 0.460156 0.593750 0.029687 0.037500
