0 0.5413 0.4902 0.0383 0.0490
0 0.5966 0.5503 0.0334 0.0363
0 0.5229 0.7599 0.0377 0.0466
0 0.6223 0.7778 0.0335 0.0496
0 0.5722 0.5232 0.0327 0.0405
0 0.5038 0.6490 0.0369 0.0490
0 0.6386 0.4974 0.0384 0.0524
0 0.6791 0.5429 0.0359 0.0450
0 0.4837 0.6072 0.0375 0.0493
0 0.5133 0.8068 0.0348 0.0480
0 0.5302 0.6103 0.0345 0.0478
0 0.4638 0.5612 0.0376 0.0516
0 0.5677 0.7184 0.0329 0.0488
0 0.6158 0.6286 0.0306 0.0507
0 0.5305 0.6858 0.0373 0.0430
0 0.6934 0.6635 0.0356 0.0507
0 0.6607 0.7714 0.0346 0.0467
0 0.6231 0.7154 0.0321 0.0515
0 0.5952 0.8277 0.0360 0.0494
0 0.5759 0.7610 0.0371 0.0440
0 0.5597 0.8120 0.0326 0.0423
