0 0.4361 0.6017 0.0364 0.0549
0 0.5790 0.6681 0.0313 0.0423
0 0.4175 0.7797 0.0282 0.0393
0 0.4380 0.5130 0.0340 0.0497
0 0.4506 0.4697 0.0387 0.0527
0 0.5202 0.6871 0.0332 0.0395
0 0.3747 0.7157 0.0349 0.0467
0 0.3982 0.7456 0.0308 0.0456
0 0.4471 0.7058 0.0311 0.0442
0 0.5710 0.5877 0.0359 0.0445
0 0.6130 0.5987 0.0393 0.0461
0 0.4289 0.7435 0.0346 0.0425
0 0.5150 0.8029 0.0364 0.0455
0 0.4511 0.7986 0.0382 0.0445
0 0.4819 0.8062 0.0307 0.0466
0 0.5198 0.5929 0.0364 0.0433
0 0.6030 0.7063 0.0360 0.0448
0 0.4146 0.7046 0.0343 0.0447
0 0.5063 0.7551 0.0354 0.0469
0 0.6118 0.6573 0.0360 0.0521
0 0.4773 0.7668 0.0280 0.0463
0 0.5967 0.5452 0.0433 0.0419
0 0.5776 0.7320 0.0310 0.0368
0 0.5485 0.6705 0.0300 0.0394
0 0.5696 0.7673 0.0346 0.0420
0 0.5374 0.7221 0.0339 0.0406
0 0.5366 0.7766 0.0336 0.0500
0 0.4802 0.7151 0.0325 0.0464
