0 0.3554 0.5653 0.0425 0.0555
0 0.3830 0.6259 0.0376 0.0649
0 0.4527 0.4653 0.0380 0.0529
0 0.3706 0.7463 0.0302 0.0428
0 0.4949 0.8037 0.0353 0.0470
0 0.3638 0.7054 0.0353 0.0468
0 0.5892 0.5666 0.0424 0.0427
0 0.6015 0.6142 0.0373 0.0439
0 0.5031 0.6415 0.0342 0.0439
0 0.5258 0.5850 0.0377 0.0449
0 0.5093 0.6900 0.0363 0.0444
0 0.5287 0.7829 0.0366 0.0472
0 0.4558 0.7263 0.0367 0.0438
0 0.5461 0.6980 0.0311 0.0420
0 0.4317 0.7583 0.0315 0.0418
0 0.4627 0.7665 0.0338 0.0444
0 0.5885 0.7170 0.0340 0.0494
0 0.3949 0.7722 0.0325 0.0458
0 0.5675 0.7449 0.0379 0.0433
0 0.4339 0.7964 0.0341 0.0417
0 0.5710 0.6745 0.0319 0.0464
0 0.4412 0.6793 0.0342 0.0479
0 0.5196 0.7398 0.0359 0.0452
0 0.4051 0.7315 0.0312 0.0446
0 0.4624 0.8092 0.0328 0.0409
0 0.5378 0.6605 0.0301 0.0411
0 0.6021 0.6678 0.0346 0.0395
0 0.5744 0.6340 0.0323 0.0425
