0 0.5285 0.6982 0.0461 0.0561
0 0.5976 0.6056 0.0399 0.0521
0 0.4268 0.4823 0.0429 0.0512
0 0.3540 0.6407 0.0349 0.0532
0 0.4511 0.4076 0.0384 0.0522
0 0.3905 0.3975 0.0390 0.0471
0 0.3875 0.7627 0.0399 0.0537
0 0.2816 0.6330 0.0316 0.0375
0 0.4940 0.6975 0.0352 0.0539
0 0.3417 0.4745 0.0342 0.0385
0 0.4732 0.3639 0.0351 0.0396
0 0.2952 0.4294 0.0322 0.0374
0 0.4721 0.4374 0.0325 0.0442
0 0.2961 0.4669 0.0397 0.0503
0 0.3693 0.7095 0.0347 0.0509
0 0.2852 0.5882 0.0300 0.0363
0 0.3175 0.6194 0.0347 0.0379
0 0.2711 0.4895 0.0376 0.0553
0 0.3737 0.4791 0.0367 0.0453
0 0.3952 0.3354 0.0379 0.0452
0 0.4198 0.7523 0.0397 0.0519
0 0.4562 0.7294 0.0314 0.0412
0 0.3226 0.5293 0.0364 0.0463
0 0.5006 0.5734 0.0334 0.0453
0 0.4065 0.7101 0.0342 0.0441
0 0.3051 0.6708 0.0401 0.0541
0 0.4942 0.7681 0.0447 0.0717
0 0.4880 0.4049 0.0371 0.0496
0 0.2904 0.5177 0.0395 0.0520
0 0.3485 0.3528 0.0292 0.0452
0 0.4167 0.3685 0.0365 0.0428
0 0.4269 0.3254 0.0375 0.0458
0 0.4138 0.6369 0.0353 0.0442
0 0.3837 0.6132 0.0380 0.0439
0 0.3141 0.5700 0.0351 0.0478
0 0.3234 0.4207 0.0333 0.0500
0 0.3455 0.5996 0.0294 0.0369
0 0.2771 0.5566 0.0304 0.0351
0 0.3513 0.4031 0.0342 0.0471
0 0.3628 0.4392 0.0484 0.0503
