0 0.5115 0.7557 0.0407 0.0664
0 0.4295 0.7151 0.0361 0.0516
0 0.3531 0.5987 0.0388 0.0523
0 0.4011 0.4630 0.0468 0.0522
0 0.5473 0.4508 0.0391 0.0427
0 0.6066 0.6094 0.0349 0.0530
0 0.6007 0.6572 0.0297 0.0429
0 0.3568 0.6595 0.0330 0.0404
0 0.4588 0.5106 0.0336 0.0434
0 0.5703 0.6581 0.0271 0.0429
0 0.4166 0.6564 0.0339 0.0528
0 0.4701 0.7718 0.0359 0.0512
0 0.5099 0.7086 0.0356 0.0426
0 0.4002 0.7360 0.0355 0.0435
0 0.5822 0.6964 0.0283 0.0457
0 0.5184 0.5861 0.0314 0.0493
0 0.4753 0.5450 0.0356 0.0466
0 0.4877 0.5944 0.0354 0.0483
0 0.5272 0.6660 0.0292 0.0449
0 0.5538 0.6943 0.0321 0.0450
0 0.4434 0.6353 0.0288 0.0439
