0 0.3595 0.7075 0.0403 0.0539
0 0.3582 0.6466 0.0371 0.0519
0 0.3740 0.6054 0.0415 0.0504
0 0.4218 0.6482 0.0357 0.0519
0 0.5277 0.7424 0.0344 0.0482
0 0.5851 0.7862 0.0379 0.0458
0 0.5546 0.8283 0.0392 0.0573
0 0.5525 0.7098 0.0386 0.0480
0 0.4014 0.8107 0.0353 0.0500
0 0.4447 0.7625 0.0309 0.0412
0 0.5182 0.6687 0.0355 0.0434
0 0.4844 0.8052 0.0362 0.0506
0 0.5222 0.8501 0.0332 0.0477
0 0.5528 0.5844 0.0348 0.0449
0 0.5264 0.7924 0.0324 0.0486
0 0.5461 0.6703 0.0361 0.0474
0 0.4669 0.7334 0.0339 0.0480
0 0.5088 0.5828 0.0350 0.0443
0 0.4670 0.8581 0.0397 0.0589
0 0.4919 0.8503 0.0300 0.0406
0 0.4527 0.8426 0.0303 0.0449
