0 0.333594 0.539583 0.035937 0.050000
0 0.564844 0.615625 0.042188 0.047917
0 0.512500 0.604167 0.031250 0.041667
0 0.465625 0.783333 0.031250 0.037500
0 0.531250 0.553125 0.037500 0.047917
0 0.396094 0.771875 0.032813 0.043750
0 0.567187 0.550000 0.037500 0.045833
0 0.371094 0.618750 0.029687 0.037500
0 0.534375 0.747917 0.037500 0.045833
0 0.406250 0.666667 0.034375 0.041667
0 0.318750 0.639583 0.034375 0.050000
0 0.487500 0.512500 0.034375 0.058333
0 0.431250 0.631250 0.037500 0.062500
0 0.452344 0.493750 0.032813 0.037500
0 0.389844 0.696875 0.029687 0.039583
0 0.411719 0.470833 0.026562 0.037500
0 0.381250 0.466667 0.034375 0.041667
0 0.496875 0.668750 0.034375 0.050000
0 0.340625 0.715625 0.031250 0.043750
0 0.525000 0.505208 0.040625 0.043750
0 0.400000 0.539583 0.034375 0.050000
0 0.353125 0.682292 0.028125 0.043750
0 0.431250 0.687500 0.031250 0.037500
0 0.555469 0.514583 0.029687 0.037500
0 0.358594 0.498958 0.039062 0.043750
0 0.379688 0.660417 0.028125 0.041667
0 0.431250 0.789583 0.034375 0.037500
0 0.410938 0.734375 0.028125 0.043750
0 0.487500 0.582292 0.025000 0.043750
0 0.325781 0.682292 0.032813 0.039583
0 0.488281 0.754167 0.032813 0.041667
0 0.439063 0.745833 0.034375 0.037500
0 0.534375 0.672917 0.034375 0.045833
0 0.368750 0.732292 0.031250 0.043750
0 0.439063 0.462500 0.028125 0.037500
0 0.490625 0.714583 0.031250 0.041667
0 0.450000 0.806250 0.031250 0.037500
0 0.556250 0.706250 0.034375 0.045833
0 0.517188 0.709375 0.031250 0.047917
0 0.460938 0.718750 0.034375 0.050000
