0 0.640625 0.531250 0.037500 0.050000
0 0.505469 0.810417 0.029687 0.037500
0 0.462500 0.753125 0.031250 0.035417
0 0.476562 0.584375 0.040625 0.043750
0 0.584375 0.609375 0.028125 0.043750
0 0.464062 0.664583 0.040625 0.045833
0 0.526563 0.533333 0.034375 0.045833
0 0.626563 0.847917 0.034375 0.050000
0 0.553906 0.851042 0.042188 0.043750
0 0.550781 0.645833 0.032813 0.045833
0 0.510156 0.568750 0.032813 0.045833
0 0.646094 0.751042 0.035937 0.043750
0 0.683594 0.580208 0.035937 0.043750
0 0.460156 0.622917 0.039062 0.041667
0 0.453125 0.711458 0.034375 0.043750
0 0.533594 0.807292 0.029687 0.043750
0 0.501563 0.753125 0.037500 0.043750
0 0.482031 0.789583 0.026562 0.029167
0 0.630469 0.575000 0.035937 0.045833
0 0.484375 0.708333 0.028125 0.045833
0 0.526563 0.708333 0.031250 0.041667
