0 0.432812 0.540625 0.034375 0.035417
0 0.482812 0.509375 0.028125 0.039583
0 0.461719 0.563542 0.032813 0.035417
0 0.381250 0.708333 0.037500 0.045833
0 0.341406 0.669792 0.039062 0.043750
0 0.416406 0.747917 0.039062 0.045833
0 0.365625 0.544792 0.040625 0.052083
0 0.557813 0.761458 0.034375 0.047917
0 0.440625 0.808333 0.034375 0.045833
0 0.451562 0.503125 0.031250 0.035417
0 0.471875 0.782292 0.028125 0.047917
0 0.396094 0.566667 0.032813 0.041667
0 0.348438 0.591667 0.034375 0.045833
0 0.587500 0.697917 0.031250 0.045833
0 0.347656 0.708333 0.035937 0.045833
0 0.461719 0.672917 0.032813 0.037500
0 0.507031 0.770833 0.035937 0.041667
0 0.432812 0.581250 0.034375 0.041667
0 0.457031 0.605208 0.032813 0.043750
0 0.556250 0.703125 0.028125 0.043750
0 0.568750 0.542708 0.034375 0.039583
0 0.590625 0.572917 0.028125 0.033333
0 0.489844 0.651042 0.032813 0.039583
0 0.502344 0.539583 0.032813 0.033333
0 0.563281 0.583333 0.029687 0.041667
0 0.557813 0.634375 0.031250 0.039583
0 0.579688 0.603125 0.025000 0.039583
0 0.592187 0.653125 0.043750 0.056250
