0 0.5700 0.3807 0.0330 0.0381
0 0.5802 0.4172 0.0311 0.0390
0 0.6316 0.5638 0.0371 0.0473
0 0.4102 0.3172 0.0355 0.0507
0 0.3416 0.3771 0.0440 0.0642
0 0.3548 0.5570 0.0442 0.0485
0 0.6464 0.3951 0.0414 0.0453
0 0.5902 0.3529 0.0310 0.0412
0 0.6022 0.3171 0.0385 0.0445
0 0.5293 0.4640 0.0314 0.0384
0 0.5915 0.5723 0.0329 0.0433
0 0.3496 0.4493 0.0391 0.0446
0 0.6092 0.4284 0.0316 0.0419
0 0.6662 0.5109 0.0378 0.0428
0 0.6005 0.5040 0.0359 0.0483
0 0.6437 0.4873 0.0320 0.0394
0 0.4178 0.4370 0.0353 0.0450
0 0.5949 0.6126 0.0343 0.0442
0 0.5723 0.5375 0.0341 0.0386
0 0.6203 0.4665 0.0358 0.0459
0 0.6182 0.3620 0.0356 0.0456
0 0.5674 0.6447 0.0341 0.0454
0 0.4418 0.3363 0.0331 0.0491
0 0.5378 0.5406 0.0385 0.0422
0 0.3346 0.4824 0.0339 0.0420
0 0.5967 0.6522 0.0350 0.0441
0 0.6488 0.3545 0.0378 0.0443
0 0.5020 0.4794 0.0342 0.0418
0 0.3708 0.4007 0.0330 0.0499
0 0.6326 0.5164 0.0347 0.0462
0 0.5572 0.4409 0.0339 0.0378
0 0.5862 0.4591 0.0315 0.0406
0 0.6845 0.4573 0.0383 0.0479
0 0.6550 0.4403 0.0365 0.0454
0 0.3766 0.3238 0.0338 0.0424
0 0.3831 0.3596 0.0373 0.0452
0 0.6771 0.4052 0.0303 0.0417
0 0.5362 0.4978 0.0332 0.0414
0 0.4803 0.3472 0.0302 0.0441
0 0.5617 0.4818 0.0291 0.0333
