0 0.471875 0.431250 0.037500 0.050000
0 0.620313 0.597917 0.040625 0.045833
0 0.534375 0.513542 0.031250 0.039583
0 0.379688 0.687500 0.037500 0.045833
0 0.573438 0.723958 0.031250 0.039583
0 0.574219 0.676042 0.032813 0.039583
0 0.593750 0.532292 0.040625 0.047917
0 0.552344 0.755208 0.035937 0.043750
0 0.396094 0.486458 0.032813 0.043750
0 0.615625 0.643750 0.034375 0.041667
0 0.521094 0.770833 0.032813 0.037500
0 0.600000 0.696875 0.031250 0.043750
0 0.561719 0.512500 0.032813 0.037500
0 0.467969 0.512500 0.042188 0.045833
0 0.493750 0.761458 0.031250 0.043750
0 0.452344 0.554167 0.035937 0.037500
0 0.487500 0.601042 0.034375 0.039583
0 0.425000 0.456250 0.034375 0.045833
0 0.515625 0.572917 0.034375 0.041667
0 0.402344 0.562500 0.032813 0.050000
0 0.421094 0.707292 0.032813 0.043750
0 0.461719 0.772917 0.032813 0.045833
0 0.450000 0.654167 0.031250 0.054167
0 0.425000 0.595833 0.034375 0.050000
0 0.459375 0.472917 0.031250 0.041667
0 0.546875 0.703125 0.037500 0.043750
0 0.542969 0.656250 0.035937 0.045833
0 0.557813 0.602083 0.037500 0.050000
0 0.556250 0.468750 0.034375 0.045833
0 0.600000 0.663542 0.028125 0.035417
0 0.367969 0.640625 0.032813 0.043750
0 0.500000 0.537500 0.031250 0.037500
0 0.473438 0.687500 0.025000 0.041667
0 0.506250 0.684375 0.034375 0.047917
0 0.589844 0.575000 0.035937 0.045833
0 0.546875 0.554167 0.034375 0.041667
0 0.515625 0.725000 0.034375 0.041667
0 0.468750 0.730208 0.028125 0.039583
0 0.581250 0.480208 0.034375 0.043750
0 0.437500 0.491667 0.028125 0.041667
