0 0.3742 0.4522 0.0294 0.0298
0 0.5172 0.7065 0.0413 0.0479
0 0.5802 0.3784 0.0395 0.0476
0 0.4521 0.4181 0.0308 0.0443
0 0.3568 0.5080 0.0257 0.0374
0 0.4016 0.3200 0.0304 0.0402
0 0.3713 0.6694 0.0381 0.0500
0 0.4029 0.6803 0.0344 0.0470
0 0.3616 0.3580 0.0258 0.0430
0 0.4697 0.2875 0.0374 0.0469
0 0.4602 0.7454 0.0382 0.0706
0 0.5274 0.3387 0.0341 0.0319
0 0.3726 0.6181 0.0354 0.0421
0 0.5547 0.3115 0.0392 0.0473
0 0.4317 0.3398 0.0397 0.0440
0 0.5782 0.4173 0.0422 0.0454
0 0.5265 0.5835 0.0313 0.0431
0 0.6117 0.6607 0.0350 0.0477
0 0.4587 0.3783 0.0395 0.0410
0 0.4634 0.3418 0.0288 0.0359
0 0.3825 0.5451 0.0395 0.0479
0 0.4840 0.4590 0.0322 0.0404
0 0.5568 0.4456 0.0380 0.0415
0 0.5511 0.4019 0.0386 0.0454
0 0.3430 0.4637 0.0334 0.0366
0 0.3282 0.5415 0.0457 0.0591
0 0.3446 0.4265 0.0326 0.0408
0 0.3223 0.4960 0.0367 0.0408
0 0.4052 0.6403 0.0386 0.0455
0 0.4410 0.6834 0.0308 0.0456
0 0.3825 0.5053 0.0286 0.0405
0 0.5198 0.2995 0.0362 0.0396
0 0.4118 0.5415 0.0353 0.0438
0 0.4327 0.5788 0.0317 0.0401
0 0.3631 0.3969 0.0363 0.0426
0 0.4979 0.3537 0.0359 0.0438
0 0.4878 0.6804 0.0310 0.0436
0 0.3900 0.4274 0.0353 0.0434
0 0.3891 0.3602 0.0346 0.0452
0 0.4176 0.4048 0.0329 0.0494
