15 0.170883 0.414187 0.123016 0.146495
15 0.149182 0.564649 0.116815 0.147817
15 0.288690 0.431382 0.120040 0.147817
15 0.343750 0.569279 0.121528 0.157077
15 0.415799 0.447917 0.115327 0.147817
15 0.477059 0.591931 0.110863 0.152778
15 0.550347 0.425595 0.110119 0.138228
15 0.604043 0.573909 0.112351 0.153770
15 0.667287 0.417824 0.113343 0.143849
15 0.720362 0.564649 0.123264 0.151786
15 0.782366 0.415179 0.110863 0.138558
15 0.876612 0.558366 0.120784 0.155754
15 0.921503 0.416336 0.117808 0.150794
