0 0.148438 0.440146 0.120288 0.148810
0 0.073289 0.590774 0.123264 0.159722
0 0.202505 0.590112 0.120288 0.164352
0 0.258433 0.454200 0.120040 0.146495
0 0.371652 0.421462 0.112351 0.146495
0 0.320561 0.589782 0.123264 0.151124
0 0.435888 0.572917 0.120288 0.159061
0 0.491815 0.438327 0.113095 0.156415
0 0.551091 0.574405 0.117063 0.150794
0 0.626860 0.419147 0.115823 0.135913
0 0.662822 0.575397 0.120288 0.163360
0 0.779142 0.444114 0.115327 0.150794
0 0.881076 0.574735 0.117808 0.158069
0 0.939732 0.431382 0.118552 0.149802
