0 0.886037 0.536210 0.116319 0.155093
0 0.841642 0.386409 0.116319 0.155093
0 0.740203 0.395668 0.116319 0.155093
0 0.750372 0.542493 0.116319 0.155093
0 0.605283 0.538194 0.116319 0.155093
0 0.614707 0.393684 0.116319 0.155093
0 0.471106 0.537202 0.116319 0.155093
0 0.493676 0.395668 0.116319 0.155093
0 0.344122 0.548776 0.116319 0.155093
0 0.343378 0.393353 0.116319 0.155093
0 0.210193 0.543485 0.116319 0.155093
0 0.221850 0.395668 0.116319 0.155093
0 0.090650 0.544478 0.116319 0.155093
0 0.096106 0.394676 0.116319 0.155093
