15 0.123140 0.468585 0.117808 0.141534
15 0.064732 0.615079 0.115575 0.156085
15 0.196057 0.591931 0.127232 0.154762
15 0.289807 0.453042 0.119296 0.154101
15 0.352307 0.618882 0.123264 0.159061
15 0.453373 0.454034 0.113095 0.152116
15 0.508061 0.598214 0.112351 0.150794
15 0.589410 0.461144 0.118800 0.151786
15 0.651414 0.592427 0.115327 0.147817
15 0.802579 0.456019 0.115575 0.143519
15 0.781622 0.600198 0.116815 0.150794
15 0.897073 0.608962 0.115575 0.160384
15 0.917163 0.458499 0.118552 0.140542
