15 0.130208 0.474041 0.114583 0.140542
15 0.181052 0.601190 0.118552 0.146825
15 0.249132 0.472057 0.113839 0.140542
15 0.307292 0.596561 0.118552 0.154101
15 0.381696 0.453373 0.114087 0.146825
15 0.422743 0.618717 0.115327 0.148810
15 0.497396 0.455853 0.108879 0.141865
15 0.549975 0.588294 0.112351 0.145503
15 0.604911 0.458664 0.110615 0.132275
15 0.701761 0.590939 0.113839 0.152778
15 0.751364 0.459656 0.110863 0.132275
15 0.812624 0.591931 0.109375 0.148810
15 0.860615 0.461144 0.107639 0.133267
15 0.923859 0.595073 0.110119 0.151124
