15 0.137153 0.443122 0.119544 0.132275
15 0.139509 0.583168 0.127232 0.145833
15 0.331721 0.448413 0.116319 0.134259
15 0.287078 0.597718 0.112351 0.145833
15 0.472842 0.448413 0.106895 0.130291
15 0.595238 0.438988 0.113095 0.138558
15 0.416295 0.578538 0.117808 0.140542
15 0.533978 0.569775 0.110119 0.156085
15 0.642485 0.587798 0.109871 0.142526
15 0.748264 0.559358 0.104663 0.149802
15 0.778894 0.418320 0.103919 0.130291
15 0.881324 0.422619 0.105407 0.132275
15 0.854911 0.551091 0.110119 0.145833
