0 0.069692 0.470073 0.116071 0.155093
0 0.121776 0.605324 0.116071 0.155093
0 0.289187 0.461640 0.116071 0.159392
0 0.248016 0.613426 0.116071 0.156085
0 0.409102 0.462302 0.117808 0.158069
0 0.366443 0.614087 0.120784 0.156085
0 0.491815 0.589616 0.117063 0.156085
0 0.523065 0.446263 0.116071 0.155093
0 0.733383 0.591766 0.116071 0.155093
0 0.603175 0.602348 0.116071 0.155093
0 0.642609 0.456515 0.116071 0.155093
0 0.863343 0.594081 0.116071 0.155093
0 0.914435 0.445271 0.116071 0.155093
0 0.808532 0.432705 0.116071 0.155093
