0 0.203125 0.430886 0.124008 0.148810
0 0.112351 0.570271 0.124008 0.151124
0 0.229043 0.599206 0.120288 0.159392
0 0.342262 0.582507 0.117063 0.157077
0 0.345734 0.422454 0.113095 0.151124
0 0.502976 0.418320 0.114583 0.138228
0 0.455357 0.562004 0.117063 0.151124
0 0.577753 0.556217 0.120288 0.156085
0 0.637897 0.415675 0.110119 0.141534
0 0.699901 0.561012 0.113095 0.155093
0 0.802951 0.399802 0.120784 0.146825
0 0.822669 0.543320 0.120040 0.152778
0 0.915799 0.398313 0.110863 0.147817
0 0.938120 0.551753 0.113839 0.157077
