15 0.879836 0.440311 0.116319 0.155093
15 0.847842 0.565972 0.116319 0.155093
15 0.771949 0.425761 0.116319 0.155093
15 0.720858 0.571263 0.116319 0.155093
15 0.665799 0.428737 0.116319 0.155093
15 0.552455 0.569279 0.116319 0.155093
15 0.559400 0.421792 0.116319 0.155093
15 0.386037 0.582837 0.116319 0.155093
15 0.417783 0.427414 0.116319 0.155093
15 0.271205 0.579530 0.116319 0.155093
15 0.307416 0.428737 0.116319 0.155093
15 0.160342 0.594081 0.116319 0.155093
15 0.190600 0.441303 0.116319 0.155093
