1 1142.645752
2 1142.324341
3 1142.316162
4 1142.262329
5 1142.427246
6 1143.300171
7 1143.481445
8 1143.421997
9 1143.348633
10 1142.306641
11 1082.870361
12 1028.418335
13 979.046875
14 933.772583
15 893.035767
16 857.120789
17 823.877930
18 794.691589
19 768.663086
20 743.966431
21 850.868652
22 947.496277
23 1034.503052
24 1112.339478
25 1183.733154
26 1247.320312
27 1303.505737
28 1355.429688
29 1400.118286
30 1442.262939
31 1412.335083
32 1384.185059
33 1359.491089
34 1336.992920
35 1315.930420
36 1298.984009
37 1283.594238
38 1269.794678
39 1255.306030
40 1243.148315
41 1217.635010
42 1195.384644
43 1173.833740
44 1155.761108
45 1138.744385
46 1122.079712
47 1107.971313
48 1095.089844
49 1083.979004
50 1073.847900
51 1027.878296
52 985.819641
53 949.568054
54 916.360291
55 884.880432
56 857.537415
57 832.107971
58 810.034912
59 791.029480
60 773.758972
61 804.539978
62 832.164124
63 856.857300
64 878.493774
65 898.025391
66 914.217957
67 928.751953
68 941.546204
69 951.751709
70 960.499695
71 921.282043
72 887.440186
73 855.610352
74 826.946777
75 799.506287
76 774.412720
77 751.409058
78 731.619690
79 711.404358
80 695.041321
81 720.813293
82 742.195251
83 761.656250
84 776.817932
85 790.076965
86 800.776489
87 808.555359
88 814.958374
89 819.738159
90 821.848938
91 811.330750
92 800.832886
93 788.494263
94 777.951660
95 766.808838
96 755.935059
97 744.107788
98 731.067688
99 719.223877
100 706.138123
101 701.644531
102 694.364258
103 686.672363
104 677.055115
105 665.634827
106 654.304321
107 642.640564
108 631.134888
109 617.223572
110 603.024109
111 595.297607
112 585.598206
113 573.899048
114 562.319092
115 549.869751
116 535.896729
117 522.421143
118 507.679138
119 491.602783
120 476.554382
121 450.730865
122 426.253693
123 403.209351
124 381.566559
125 361.466980
126 343.252686
127 325.762665
128 309.761444
129 294.449432
130 280.297180
131 265.973114
132 253.165771
133 241.329071
134 229.690750
135 217.631210
136 207.780960
137 197.763458
138 187.866653
139 179.479050
140 172.550735
141 163.589722
142 154.409439
143 147.716370
144 141.381989
145 133.212723
146 127.514542
147 120.186874
148 113.920982
149 108.444778
150 104.267281
151 100.746399
152 98.875526
153 96.309547
154 94.603851
155 92.212784
156 90.470573
157 87.091568
158 84.216904
159 82.256126
160 80.604324
161 78.772888
162 75.202408
163 71.097488
164 67.421791
165 66.402786
166 64.573639
167 63.930786
168 62.333969
169 60.905575
170 58.221603
171 57.956768
172 57.839027
173 56.726955
174 57.659023
175 56.310223
176 55.499779
177 54.212547
178 53.793705
179 54.406754
180 53.025791
181 52.189838
182 51.104141
183 49.965370
184 49.413383
185 48.505566
186 46.798737
187 45.406086
188 43.376720
189 43.214943
190 42.650890
191 41.766014
192 40.087177
193 38.239437
194 37.879143
195 37.307926
196 35.295742
197 34.294785
198 33.252277
199 33.678421
200 34.489723
201 34.650269
202 32.651138
203 32.612755
204 31.296213
205 31.275652
206 30.338203
207 29.660435
208 30.107862
209 30.241425
210 30.678757
211 31.903038
212 31.392853
213 30.309189
214 29.665749
215 30.530582
216 30.165876
217 29.758080
218 30.126623
219 29.218548
220 29.490400
221 28.659338
222 28.759020
223 28.198978
224 26.553999
225 26.852652
226 27.070688
227 26.805552
228 26.810629
229 26.583771
230 26.138208
231 25.318926
232 24.923208
233 25.393557
234 25.441074
235 24.269083
236 23.776964
237 22.898212
238 22.598717
239 23.378317
240 22.876631
241 23.351303
242 23.052931
243 22.644373
244 23.284201
245 21.948177
246 22.327307
247 23.253750
248 24.237623
249 24.991184
250 24.827553
251 24.560448
252 24.418436
253 24.558081
254 25.212248
255 24.371950
256 24.300970
257 23.946205
258 24.718596
259 25.056524
260 24.650393
261 25.080179
262 25.096916
263 24.953381
264 25.605270
265 24.649483
266 24.672533
267 24.560802
268 24.228645
269 23.503263
270 23.088905
271 22.598581
272 22.537216
273 21.470205
274 20.273943
275 20.477430
276 20.563463
277 20.369820
278 19.640797
279 18.948919
280 19.790396
281 19.816319
282 19.126194
283 19.041176
284 20.006115
285 19.356571
286 19.325371
287 19.384354
288 19.094337
289 18.904390
290 19.050982
291 19.359398
292 19.629177
293 19.315392
294 19.289534
295 20.079712
296 19.388659
297 19.029903
298 19.506216
299 20.246325
300 20.419783
301 19.243944
302 18.803030
303 18.869184
304 17.571337
305 17.234316
306 17.529701
307 17.835815
308 18.283255
309 18.536209
310 18.980204
311 19.564817
312 18.588493
313 18.921003
314 17.969952
315 18.215401
316 18.806343
317 18.996395
318 19.725683
319 19.140966
320 19.377010
321 19.300507
322 18.388096
323 18.184772
324 18.712811
325 18.702019
326 18.729351
327 17.958450
328 17.826574
329 19.367500
330 19.553877
331 19.172615
332 18.629965
333 19.057638
334 18.252623
335 17.572273
336 17.421364
337 17.067778
338 17.155836
339 16.645140
340 16.479559
341 16.280212
342 16.183197
343 15.973380
344 15.899142
345 16.226200
346 15.785733
347 15.754905
348 15.766253
349 16.025930
350 16.375610
351 15.663120
352 15.648854
353 15.831550
354 16.138969
355 16.005968
356 16.283640
357 15.527246
358 16.243252
359 15.921005
360 15.505496
361 15.887053
362 15.432999
363 15.074051
364 14.694510
365 14.265187
366 14.611909
367 14.320951
368 14.429959
369 14.455724
370 14.130541
371 14.155080
372 14.206100
373 14.020359
374 14.247020
375 14.317094
376 13.826987
377 13.655723
378 13.739194
379 14.058273
380 14.153172
381 14.315785
382 14.277009
383 14.678966
384 14.288763
385 13.895315
386 13.863590
387 13.471564
388 12.821412
389 12.723139
390 12.687327
391 12.577209
392 12.464149
393 12.345416
394 12.205572
395 12.590495
396 12.486947
397 11.969901
398 11.762407
399 11.371325
400 11.629499
401 11.117182
402 11.264183
403 10.852644
404 11.311950
405 11.063356
406 10.923961
407 10.433097
408 10.608294
409 10.874207
410 10.417254
411 10.790154
412 10.853723
413 11.122876
414 11.553029
415 11.894830
416 12.040736
417 11.937407
418 11.325624
419 11.108026
420 11.359745
421 11.650026
422 11.495405
423 11.210938
424 10.892948
425 10.593665
426 10.275256
427 10.268636
428 10.086194
429 10.176567
430 10.069802
431 9.791281
432 9.439222
433 9.343889
434 9.009823
435 8.878795
436 9.437567
437 9.306573
438 8.950940
439 9.007730
440 8.795203
441 8.633529
442 8.579713
443 8.113865
444 8.649668
445 9.119436
446 9.052480
447 9.036023
448 8.888185
449 8.982804
450 9.276688
451 9.389704
452 8.929273
453 8.962113
454 8.763353
455 8.670990
456 8.464019
457 8.453757
458 8.370146
459 8.165650
460 8.193396
461 8.404729
462 8.340723
463 8.058141
464 8.065479
465 8.013470
466 7.786936
467 7.750066
468 7.403554
469 7.580004
470 7.484912
471 8.289705
472 8.148347
473 8.588918
474 8.232939
475 8.645139
476 8.482881
477 8.344770
478 8.203347
479 8.023729
480 8.409521
481 8.487157
482 8.509482
483 8.294654
484 8.042916
485 8.456907
486 8.146324
487 8.204896
488 8.258463
489 7.930209
490 7.850635
491 8.146853
492 7.753789
493 7.811766
494 7.606863
495 7.264696
496 6.940302
497 7.032485
498 7.312365
499 7.441188
500 7.251313
501 6.927141
502 7.261817
503 6.849108
504 6.932197
505 6.517833
506 6.765651
507 6.870341
508 6.997636
509 6.838383
510 6.620096
511 6.691258
512 7.123353
513 6.903305
514 7.208677
515 7.340124
516 7.467276
517 8.071565
518 8.045707
519 7.543743
520 7.260661
521 7.417725
522 7.257245
523 7.262856
524 7.163639
525 7.130738
526 7.371022
527 7.281901
528 7.012921
529 6.737787
530 6.543068
531 6.646789
532 6.932073
533 6.947059
534 6.670268
535 6.735431
536 6.678429
537 6.630078
538 6.432193
539 6.396846
540 6.268262
541 6.406813
542 6.240160
543 6.406340
544 6.722425
545 6.855332
546 6.849211
547 6.822115
548 6.990330
549 6.419196
550 6.464536
551 6.215962
552 6.058864
553 5.792674
554 5.583067
555 5.571261
556 5.302316
557 5.223605
558 5.162577
559 5.218644
560 5.121367
561 5.406932
562 5.402866
563 5.735202
564 5.717293
565 5.873312
566 5.844816
567 6.029915
568 5.819660
569 5.691097
570 5.667130
571 5.514382
572 5.297052
573 5.715089
574 5.621829
575 5.592642
576 5.572377
577 5.684517
578 5.855327
579 5.817985
580 5.836673
581 5.630821
582 5.343965
583 5.080122
584 5.128266
585 4.962849
586 5.035739
587 5.083756
588 4.888725
589 4.788509
590 4.801054
591 4.887892
592 4.990460
593 4.983758
594 5.062800
595 5.385085
596 5.374537
597 5.557592
598 5.901747
599 6.125430
600 6.012382
601 6.407226
602 6.349033
603 5.979336
604 5.857522
605 5.822871
606 5.884182
607 5.860282
608 5.587574
609 5.581594
610 5.473751
611 5.624052
612 6.003415
613 6.225308
614 6.119951
615 6.149885
616 6.447914
617 6.840474
618 7.056830
619 7.084527
620 6.992539
621 7.168655
622 7.095252
623 7.110956
624 6.859775
625 6.683829
626 6.367417
627 6.647212
628 6.561763
629 6.231706
630 5.885073
631 5.673930
632 5.453790
633 5.249397
634 5.126569
635 5.039808
636 5.084117
637 5.230096
638 5.192617
639 5.399174
640 5.212977
641 5.075508
642 4.908493
643 4.592480
644 4.378513
645 4.443059
646 4.266355
647 4.348475
648 4.338160
649 4.156837
650 4.172780
651 4.427222
652 4.343756
653 4.251026
654 4.048172
655 3.929331
656 3.807619
657 3.839655
658 3.682938
659 3.658408
660 3.608335
661 3.629392
662 3.589166
663 3.684066
664 3.971521
665 3.987479
666 3.938231
667 3.771197
668 3.657952
669 3.587624
670 3.614944
671 4.152885
672 4.835804
673 4.975095
674 5.228967
675 5.521110
676 5.476469
677 5.726651
678 5.809596
679 5.597586
680 5.596506
681 5.776445
682 5.849967
683 5.677258
684 5.482745
685 5.356545
686 5.276124
687 5.188879
688 5.139307
689 5.008162
690 4.753254
691 4.834935
692 4.704997
693 4.831099
694 4.933115
695 4.668853
696 4.508794
697 4.256916
698 4.119738
