1 0.457422 0.655469 0.035156 0.059375
1 0.424609 0.726953 0.021094 0.024219
1 0.092578 0.611328 0.035156 0.086719
1 0.107813 0.344922 0.020313 0.039844
1 0.456641 0.474219 0.019531 0.026562
1 0.807813 0.503906 0.018750 0.028125
1 0.469922 0.250000 0.019531 0.025000
1 0.135156 0.212500 0.020313 0.021875
1 0.860938 0.288281 0.018750 0.021875
1 0.850391 0.039062 0.017969 0.018750
1 0.494922 0.011719 0.013281 0.021875
1 0.326172 0.189453 0.014844 0.080469
1 0.273438 0.404687 0.025000 0.046875
1 0.657813 0.452734 0.020313 0.049219
