2 0.242578 0.026172 0.014844 0.017969
2 0.230859 0.074609 0.017969 0.017969
2 0.230078 0.095703 0.017969 0.019531
2 0.209766 0.190625 0.016406 0.021875
2 0.206250 0.218750 0.017188 0.018750
2 0.198437 0.241797 0.018750 0.019531
2 0.200781 0.262500 0.021875 0.021875
2 0.205078 0.295703 0.019531 0.016406
2 0.195703 0.357031 0.019531 0.018750
2 0.202344 0.383984 0.017188 0.019531
2 0.199219 0.407813 0.015625 0.014063
2 0.201563 0.430469 0.020313 0.020313
2 0.202344 0.462891 0.018750 0.021094
4 0.202734 0.767578 0.017969 0.024219
