1 0.476953 0.098047 0.024219 0.038281
1 0.497266 0.298047 0.014844 0.019531
1 0.482422 0.482422 0.014844 0.019531
1 0.470313 0.503125 0.015625 0.025000
1 0.486719 0.651563 0.017188 0.018750
1 0.473438 0.674219 0.017188 0.025000
1 0.469922 0.778516 0.019531 0.046094
1 0.450391 0.819141 0.021094 0.017969
1 0.454688 0.837500 0.015625 0.021875
1 0.442188 0.925781 0.015625 0.037500
1 0.467578 0.536719 0.016406 0.018750
1 0.482812 0.353906 0.012500 0.020313
1 0.368750 0.472266 0.012500 0.069531
1 0.964453 0.381250 0.066406 0.023438
