2 0.457422 0.021094 0.014844 0.021875
2 0.441797 0.075391 0.013281 0.019531
2 0.444141 0.299609 0.014844 0.024219
1 0.257031 0.141797 0.029687 0.067969
1 0.326562 0.175391 0.032813 0.083594
1 0.269922 0.316016 0.035156 0.061719
1 0.333984 0.345313 0.024219 0.067187
1 0.289062 0.524609 0.043750 0.092969
1 0.360156 0.558594 0.040625 0.081250
1 0.339062 0.681641 0.045312 0.086719
1 0.290625 0.725000 0.037500 0.078125
1 0.286719 0.851953 0.014063 0.057031
1 0.426172 0.846484 0.025781 0.061719
1 0.469531 0.823047 0.020313 0.050781
