1 0.479297 0.025391 0.019531 0.011719
1 0.574609 0.070703 0.014844 0.038281
1 0.598047 0.273438 0.016406 0.018750
1 0.586719 0.331250 0.014063 0.021875
1 0.538672 0.453516 0.013281 0.022656
1 0.547266 0.585938 0.014844 0.034375
1 0.543359 0.620313 0.021094 0.018750
1 0.534375 0.640234 0.015625 0.021094
1 0.400391 0.445312 0.022656 0.109375
1 0.383203 0.602734 0.008594 0.100781
1 0.387109 0.282813 0.016406 0.110937
1 0.423828 0.123047 0.025781 0.047656
1 0.497266 0.129297 0.014844 0.033594
1 0.569922 0.131250 0.024219 0.021875
