1 0.337500 0.233984 0.025000 0.088281
2 0.321484 0.306641 0.016406 0.022656
2 0.309766 0.369531 0.019531 0.021875
2 0.301563 0.419141 0.025000 0.019531
2 0.304688 0.439063 0.026562 0.023438
2 0.299609 0.475781 0.019531 0.018750
2 0.284766 0.538281 0.022656 0.018750
2 0.274609 0.610156 0.021094 0.018750
2 0.283203 0.643359 0.019531 0.019531
2 0.274609 0.707031 0.021094 0.023438
2 0.278516 0.734375 0.022656 0.021875
2 0.277734 0.779297 0.019531 0.019531
2 0.284766 0.812500 0.017969 0.018750
2 0.376563 0.085547 0.021875 0.027344
