1 0.322266 0.657813 0.028906 0.098437
1 0.863672 0.350391 0.042969 0.132031
1 0.306641 0.728125 0.024219 0.018750
1 0.294531 0.791797 0.021875 0.024219
1 0.285938 0.840625 0.021875 0.021875
1 0.287500 0.866016 0.025000 0.025781
1 0.271094 0.964063 0.015625 0.020313
1 0.262891 0.990625 0.021094 0.018750
1 0.363672 0.501563 0.021094 0.021875
1 0.284766 0.900391 0.022656 0.022656
1 0.348047 0.557813 0.017969 0.021875
1 0.701953 0.537109 0.017969 0.064844
1 0.669141 0.632031 0.008594 0.023438
1 0.603906 0.629297 0.017188 0.024219
