1 0.255469 0.034375 0.017188 0.021875
1 0.244531 0.094531 0.018750 0.018750
1 0.233984 0.142578 0.017969 0.021094
1 0.233984 0.167578 0.017969 0.024219
1 0.228516 0.195703 0.017969 0.019531
1 0.212891 0.260156 0.017969 0.020313
1 0.205078 0.287500 0.016406 0.020313
1 0.202344 0.312109 0.017188 0.019531
1 0.201563 0.333594 0.020313 0.020313
1 0.206641 0.365234 0.017969 0.022656
1 0.203125 0.453125 0.015625 0.020313
1 0.198437 0.428125 0.017188 0.021875
1 0.201172 0.478906 0.019531 0.020313
1 0.200391 0.503906 0.021094 0.021875
1 0.204297 0.532031 0.014844 0.018750
4 0.203906 0.836719 0.021875 0.021875
