1 0.879687 0.060937 0.034375 0.120313
1 0.380469 0.216016 0.021875 0.027344
1 0.341406 0.367969 0.028125 0.089063
2 0.325391 0.441406 0.019531 0.014063
2 0.314453 0.503125 0.021094 0.023438
2 0.306250 0.554688 0.021875 0.020313
2 0.310547 0.578906 0.017969 0.015625
2 0.303906 0.608203 0.015625 0.017969
2 0.289453 0.673438 0.016406 0.020313
2 0.278516 0.745703 0.017969 0.019531
2 0.285156 0.778516 0.020313 0.022656
2 0.284766 0.870703 0.017969 0.021094
2 0.282422 0.912891 0.025781 0.025781
2 0.287500 0.948828 0.023438 0.022656
