2 0.580469 0.012891 0.018750 0.024219
2 0.566406 0.057813 0.015625 0.021875
2 0.581641 0.154688 0.021094 0.048438
2 0.566016 0.194922 0.013281 0.021094
2 0.564063 0.213672 0.021875 0.017969
2 0.453125 0.427344 0.018750 0.010937
1 0.555469 0.475000 0.017188 0.040625
2 0.564063 0.733203 0.015625 0.025781
2 0.578125 0.679297 0.015625 0.021094
2 0.523047 0.861719 0.013281 0.020313
2 0.534766 0.987891 0.014844 0.024219
1 0.291016 0.643359 0.042969 0.013281
1 0.391406 0.881250 0.025000 0.070312
1 0.448047 0.839063 0.005469 0.037500
1 0.416797 0.544922 0.033594 0.097656
1 0.377344 0.363281 0.003125 0.064062
1 0.401953 0.205859 0.030469 0.053906
