1 0.530078 0.117188 0.014844 0.037500
1 0.542578 0.044531 0.011719 0.015625
1 0.523047 0.287891 0.014844 0.041406
1 0.567187 0.467187 0.018750 0.043750
1 0.554688 0.505469 0.012500 0.017188
1 0.543359 0.523828 0.019531 0.017969
1 0.560547 0.627344 0.017969 0.045312
1 0.544531 0.662891 0.009375 0.021094
1 0.544922 0.683203 0.013281 0.022656
1 0.529687 0.720313 0.009375 0.015625
1 0.439063 0.898438 0.021875 0.012500
1 0.534375 0.948438 0.009375 0.040625
1 0.346484 0.826562 0.019531 0.085938
1 0.415625 0.785156 0.001563 0.028125
