1 0.869141 0.095703 0.042969 0.125781
2 0.367188 0.248828 0.018750 0.019531
1 0.329297 0.402344 0.024219 0.093750
2 0.310547 0.472266 0.021094 0.017969
2 0.300391 0.533203 0.021094 0.021094
2 0.291016 0.585938 0.017969 0.021875
2 0.291406 0.607422 0.018750 0.027344
2 0.288672 0.641016 0.014844 0.019531
2 0.274219 0.704297 0.021875 0.017969
2 0.262500 0.778125 0.018750 0.021875
2 0.269141 0.811719 0.016406 0.020313
2 0.260937 0.873047 0.015625 0.017969
2 0.263672 0.945703 0.019531 0.017969
2 0.269141 0.977734 0.024219 0.021094
2 0.267969 0.901953 0.021875 0.022656
1 0.643359 0.714063 0.017969 0.021875
1 0.877734 0.725391 0.030469 0.052344
