2 0.367188 0.046094 0.018750 0.021875
1 0.330078 0.194922 0.025781 0.089844
2 0.315234 0.265625 0.024219 0.021875
2 0.293359 0.379688 0.024219 0.028125
2 0.301563 0.329688 0.020313 0.023438
2 0.293750 0.403516 0.021875 0.019531
2 0.278516 0.498047 0.017969 0.022656
2 0.265625 0.573047 0.018750 0.024219
2 0.269141 0.546484 0.016406 0.024219
2 0.270703 0.603516 0.016406 0.019531
2 0.265625 0.668359 0.018750 0.022656
2 0.273828 0.693750 0.017969 0.021875
2 0.271875 0.740625 0.018750 0.025000
2 0.273828 0.719141 0.021094 0.019531
2 0.273828 0.774219 0.021094 0.021875
1 0.871875 0.565625 0.029687 0.045312
1 0.874219 0.733594 0.043750 0.043750
