1 0.573047 0.032813 0.011719 0.017188
1 0.572266 0.055078 0.014844 0.021094
1 0.464844 0.267969 0.021875 0.009375
1 0.561328 0.318359 0.016406 0.038281
1 0.551172 0.362500 0.016406 0.021875
1 0.584766 0.520703 0.017969 0.024219
1 0.529297 0.700391 0.016406 0.022656
1 0.535937 0.833203 0.015625 0.035156
1 0.534766 0.869141 0.021094 0.019531
1 0.526563 0.886328 0.017188 0.022656
1 0.570703 0.577344 0.016406 0.017188
1 0.439453 0.508203 0.016406 0.092969
1 0.341797 0.478125 0.007031 0.025000
1 0.368359 0.674609 0.057031 0.099219
1 0.428125 0.044531 0.000000 0.045312
1 0.407031 0.189844 0.012500 0.060937
1 0.466797 0.163672 0.016406 0.067969
