1 0.291406 0.078516 0.029687 0.094531
1 0.260156 0.209766 0.021875 0.019531
1 0.248828 0.257422 0.019531 0.016406
1 0.250000 0.280469 0.021875 0.021875
1 0.245703 0.311328 0.014844 0.019531
1 0.230469 0.376172 0.017188 0.019531
1 0.223438 0.403516 0.015625 0.017969
1 0.219141 0.426953 0.016406 0.017969
1 0.220312 0.449609 0.018750 0.017969
1 0.225391 0.481641 0.016406 0.017969
1 0.214062 0.544141 0.015625 0.021094
1 0.218750 0.570312 0.015625 0.015625
1 0.217188 0.594531 0.015625 0.015625
1 0.219141 0.616016 0.019531 0.022656
1 0.223438 0.648438 0.015625 0.015625
4 0.224609 0.955859 0.022656 0.019531
