1 0.527344 0.010547 0.010937 0.019531
1 0.505078 0.061328 0.013281 0.017969
1 0.519141 0.174219 0.017969 0.025000
1 0.508984 0.194141 0.014844 0.021094
1 0.502734 0.296094 0.011719 0.050000
1 0.486328 0.333984 0.013281 0.017969
1 0.483984 0.357031 0.011719 0.021875
1 0.477734 0.387891 0.011719 0.019531
1 0.474219 0.441797 0.007812 0.032031
1 0.464453 0.610547 0.011719 0.030469
1 0.459375 0.789844 0.025000 0.046875
1 0.442578 0.828906 0.014844 0.021875
1 0.437500 0.850781 0.018750 0.025000
1 0.431641 0.883984 0.016406 0.021094
