2 0.461719 0.071094 0.023438 0.018750
2 0.452344 0.090625 0.021875 0.025000
2 0.469922 0.194922 0.033594 0.038281
2 0.459375 0.232813 0.028125 0.031250
2 0.450000 0.252344 0.021875 0.028125
2 0.462500 0.358984 0.025000 0.055469
2 0.454688 0.401172 0.015625 0.022656
2 0.442188 0.422266 0.018750 0.028906
2 0.412500 0.869922 0.028125 0.039844
2 0.396094 0.905078 0.018750 0.033594
2 0.380469 0.922266 0.029687 0.032031
2 0.372656 0.958594 0.015625 0.025000
2 0.197266 0.689063 0.024219 0.037500
1 0.301172 0.592578 0.022656 0.130469
1 0.290625 0.423438 0.000000 0.110937
1 0.281250 0.230859 0.009375 0.122656
1 0.299219 0.079687 0.006250 0.093750
