1 0.506641 0.171094 0.016406 0.031250
1 0.506641 0.320312 0.019531 0.034375
1 0.491016 0.356250 0.017969 0.021875
1 0.474219 0.405469 0.018750 0.025000
1 0.491797 0.524219 0.019531 0.026562
1 0.476172 0.645312 0.014844 0.043750
1 0.460938 0.684766 0.012500 0.024219
1 0.459766 0.706641 0.017969 0.024219
1 0.454688 0.791797 0.018750 0.033594
1 0.457422 0.897266 0.014844 0.024219
1 0.447266 0.965625 0.021094 0.028125
1 0.492188 0.225000 0.015625 0.025000
1 0.957812 0.528125 0.018750 0.025000
1 0.960938 0.692969 0.014063 0.026562
1 0.284766 0.671875 0.016406 0.101562
