1 0.859375 0.151562 0.037500 0.125000
2 0.356250 0.298047 0.021875 0.024219
1 0.317188 0.448828 0.028125 0.091406
2 0.298828 0.523438 0.017969 0.020313
2 0.287500 0.585938 0.023438 0.021875
2 0.278516 0.635156 0.021094 0.023438
2 0.278906 0.660156 0.021875 0.021875
2 0.275391 0.691016 0.016406 0.016406
2 0.259375 0.756250 0.020313 0.021875
2 0.254297 0.783594 0.017969 0.023438
2 0.247656 0.831250 0.020313 0.020313
2 0.253516 0.861719 0.016406 0.023438
2 0.244922 0.926172 0.017969 0.017969
2 0.249609 0.950781 0.019531 0.025000
2 0.248438 0.976562 0.021875 0.021875
