1 0.869531 0.096484 0.042188 0.125781
2 0.367578 0.249609 0.019531 0.019531
1 0.329297 0.402344 0.024219 0.093750
2 0.310547 0.472266 0.021094 0.017969
2 0.300391 0.533984 0.021094 0.021094
2 0.291016 0.585938 0.017969 0.021875
2 0.291797 0.607422 0.019531 0.027344
2 0.288672 0.641016 0.014844 0.019531
2 0.274219 0.704297 0.021875 0.017969
2 0.262500 0.778906 0.018750 0.021875
2 0.269141 0.811719 0.016406 0.020313
2 0.261328 0.873047 0.016406 0.017969
2 0.263672 0.946484 0.019531 0.017969
2 0.269141 0.978125 0.024219 0.020313
2 0.267969 0.902734 0.021875 0.022656
