1 0.864844 0.128906 0.035937 0.121875
1 0.360547 0.278906 0.021094 0.021875
1 0.323437 0.430469 0.028125 0.092188
1 0.303906 0.500391 0.020313 0.017969
1 0.289453 0.564063 0.021094 0.021875
1 0.283594 0.614453 0.020313 0.022656
1 0.282813 0.641406 0.021875 0.028125
1 0.281641 0.671875 0.019531 0.021875
1 0.263281 0.732422 0.020313 0.022656
1 0.252344 0.806641 0.018750 0.022656
1 0.256250 0.840625 0.018750 0.021875
1 0.250391 0.903125 0.017969 0.021875
1 0.255469 0.928906 0.023438 0.021875
1 0.252734 0.975391 0.022656 0.024219
