1 0.367578 0.046094 0.019531 0.021875
1 0.330859 0.194922 0.025781 0.089844
1 0.315625 0.266406 0.023438 0.021875
1 0.293750 0.380078 0.023438 0.027344
1 0.301563 0.329688 0.020313 0.023438
1 0.294531 0.403516 0.021875 0.019531
1 0.278516 0.498047 0.017969 0.022656
1 0.266406 0.573047 0.018750 0.024219
1 0.269141 0.546875 0.016406 0.023438
1 0.271484 0.603516 0.016406 0.019531
1 0.266406 0.668750 0.018750 0.021875
1 0.274609 0.694531 0.017969 0.021875
1 0.272656 0.741406 0.018750 0.025000
1 0.274609 0.719141 0.021094 0.019531
1 0.274609 0.774219 0.021094 0.021875
