1 0.286328 0.041016 0.022656 0.080469
1 0.268359 0.103516 0.014844 0.019531
1 0.257422 0.164453 0.019531 0.017969
1 0.245312 0.215234 0.015625 0.017969
1 0.246094 0.238672 0.021875 0.021094
1 0.244531 0.271094 0.014063 0.014063
1 0.226953 0.333594 0.017969 0.020313
1 0.220312 0.361719 0.014063 0.020313
1 0.215234 0.382812 0.016406 0.018750
1 0.213281 0.404687 0.020313 0.020313
1 0.219141 0.438672 0.016406 0.016406
1 0.212109 0.501172 0.017969 0.019531
1 0.217578 0.526953 0.016406 0.016406
1 0.213672 0.553906 0.019531 0.018750
1 0.213672 0.574219 0.019531 0.021875
1 0.219922 0.608203 0.017969 0.021094
4 0.221484 0.913672 0.016406 0.021094
