3 0.719153 0.313373 0.010887 0.007414
1 0.348790 0.808954 0.007258 0.014257
1 0.342944 0.868263 0.009274 0.039350
1 0.790524 0.892216 0.008468 0.010265
1 0.222782 0.582121 0.052016 0.023097
1 0.239919 0.519390 0.068548 0.009410
1 0.245968 0.439122 0.056452 0.022241
1 0.280242 0.360422 0.012097 0.048474
1 0.250403 0.297405 0.012097 0.028514
1 0.279637 0.286997 0.016532 0.057884
1 0.312500 0.291702 0.007258 0.048474
1 0.275202 0.215141 0.013306 0.032792
1 0.198790 0.225834 0.019355 0.049615
1 0.649194 0.728971 0.003226 0.050470
1 0.668750 0.728971 0.006048 0.055033
1 0.700000 0.731679 0.000000 0.058169
1 0.654435 0.660821 0.040323 0.062447
1 0.701411 0.649273 0.027016 0.034788
1 0.641734 0.583262 0.044758 0.044197
1 0.624395 0.520958 0.025403 0.014827
1 0.619355 0.449102 0.020968 0.021101
1 0.619355 0.370830 0.000000 0.025378
1 0.617137 0.296977 0.016532 0.019105
1 0.624597 0.220416 0.001613 0.011406
