1 0.208468 0.067579 0.012903 0.026804
1 0.427218 0.093812 0.009274 0.023382
1 0.647177 0.071856 0.017742 0.049615
1 0.423992 0.195038 0.021371 0.054748
1 0.649798 0.217565 0.005242 0.011406
1 0.873790 0.093100 0.008871 0.009410
1 0.833669 0.184488 0.014113 0.041631
1 0.828831 0.212717 0.008468 0.007984
1 0.628226 0.322926 0.008871 0.005988
1 0.839919 0.327916 0.005645 0.007414
1 0.852621 0.298403 0.019758 0.038494
1 0.641331 0.292700 0.017339 0.037354
1 0.426210 0.293271 0.008871 0.023667
1 0.223790 0.289564 0.017742 0.038494
1 0.213710 0.319076 0.008065 0.007414
1 0.220565 0.387653 0.016129 0.038494
1 0.209073 0.417308 0.009274 0.008839
1 0.646976 0.383376 0.018145 0.038494
1 0.634073 0.414599 0.009274 0.008554
1 0.875403 0.407898 0.010484 0.009410
1 0.858065 0.489877 0.021774 0.055318
1 0.635282 0.507841 0.009274 0.021101
1 0.424194 0.485173 0.013710 0.038494
1 0.216734 0.476333 0.012500 0.019105
1 0.223387 0.595096 0.010484 0.005703
1 0.437097 0.617622 0.010484 0.007984
1 0.442944 0.603935 0.007661 0.007414
1 0.635081 0.618620 0.011290 0.008269
1 0.871371 0.618335 0.011290 0.009980
1 0.852419 0.710864 0.012097 0.007984
1 0.639516 0.713715 0.011290 0.009695
1 0.423992 0.680068 0.014113 0.029655
1 0.435887 0.786427 0.012903 0.037069
1 0.426815 0.816938 0.009274 0.007414
1 0.651613 0.794269 0.019355 0.035073
1 0.639718 0.821928 0.010887 0.009410
1 0.779032 0.802110 0.014516 0.007984
4 0.927621 0.805960 0.010887 0.009410
1 0.567742 0.598090 0.037097 0.031651
1 0.547782 0.504562 0.023790 0.039065
1 0.548387 0.393641 0.007258 0.045338
1 0.546169 0.305960 0.009274 0.043342
1 0.520766 0.196179 0.018145 0.047334
1 0.508669 0.079983 0.006048 0.030510
1 0.313911 0.200884 0.090726 0.006558
1 0.325202 0.290134 0.035887 0.036784
1 0.340927 0.397918 0.025403 0.017964
1 0.336492 0.495010 0.025403 0.032506
