1 0.237298 0.248646 0.015726 0.036498
2 0.482056 0.357143 0.010887 0.009410
2 0.257863 0.387226 0.010887 0.012546
2 0.262500 0.473909 0.011290 0.011976
4 0.641532 0.475620 0.012903 0.008554
2 0.811290 0.510550 0.012097 0.011121
1 0.244153 0.562019 0.021371 0.041631
2 0.219355 0.640861 0.012097 0.011121
4 0.148992 0.825492 0.010887 0.011406
4 0.352621 0.874964 0.010887 0.008269
4 0.677823 0.839179 0.015323 0.007414
1 0.505847 0.492444 0.086694 0.035928
1 0.588710 0.492871 0.016129 0.045338
1 0.413911 0.355575 0.016532 0.043342
1 0.380242 0.358283 0.000000 0.048760
1 0.166734 0.448532 0.077823 0.011406
