4 0.093145 0.042059 0.008871 0.005418
1 0.229032 0.119475 0.069355 0.003992
1 0.251008 0.223268 0.009274 0.004562
1 0.718952 0.177360 0.012903 0.017109
1 0.701210 0.235814 0.014516 0.033647
1 0.704032 0.312233 0.012903 0.022812
1 0.695968 0.341032 0.008871 0.007414
1 0.707863 0.365982 0.010887 0.019105
1 0.244960 0.371400 0.007661 0.014542
1 0.257056 0.467066 0.010887 0.015968
3 0.731452 0.454234 0.012097 0.009695
1 0.264315 0.525235 0.017339 0.037069
1 0.263306 0.595238 0.014516 0.039635
1 0.702419 0.602082 0.010484 0.016253
1 0.728629 0.545908 0.013710 0.011121
1 0.657863 0.692187 0.012500 0.008269
1 0.125403 0.730967 0.012903 0.008269
1 0.692137 0.759766 0.010081 0.009410
1 0.710484 0.799971 0.017742 0.039065
1 0.698387 0.828201 0.007258 0.007699
1 0.246774 0.810094 0.017742 0.033647
1 0.236492 0.837183 0.009274 0.009695
1 0.215726 0.903479 0.008871 0.007699
1 0.157258 0.471771 0.040323 0.015683
1 0.166734 0.397348 0.032661 0.029370
1 0.190726 0.336612 0.041935 0.021956
1 0.157258 0.233676 0.031452 0.040205
1 0.151815 0.142715 0.044758 0.025378
1 0.627419 0.527231 0.031452 0.031936
1 0.600605 0.594383 0.043145 0.024237
