1 0.208468 0.067864 0.012903 0.026804
1 0.427218 0.093955 0.009274 0.023097
1 0.647379 0.072141 0.018145 0.049615
1 0.423992 0.195181 0.021371 0.054463
1 0.650000 0.217565 0.005645 0.011406
1 0.873992 0.093100 0.009274 0.009410
1 0.833871 0.184773 0.014516 0.041631
1 0.828831 0.212860 0.008468 0.008269
1 0.628629 0.322926 0.008871 0.005988
1 0.840121 0.327916 0.006048 0.007414
1 0.853024 0.298688 0.019758 0.038494
1 0.641331 0.292985 0.017339 0.037354
1 0.426210 0.293271 0.008871 0.023667
1 0.223992 0.289564 0.018145 0.038494
1 0.213710 0.319361 0.008065 0.007414
1 0.220565 0.387938 0.016129 0.038494
1 0.209073 0.417593 0.009274 0.008839
1 0.646976 0.383661 0.018145 0.038494
1 0.634274 0.414742 0.009677 0.008839
1 0.875605 0.408041 0.010081 0.009125
1 0.858065 0.490020 0.021774 0.055033
1 0.635685 0.507984 0.009274 0.020816
1 0.424194 0.485173 0.013710 0.038494
1 0.217137 0.476618 0.012500 0.019105
1 0.223790 0.595238 0.010484 0.005418
1 0.437097 0.617622 0.010484 0.007984
1 0.442944 0.604220 0.007661 0.007414
1 0.635081 0.618620 0.011290 0.008269
1 0.871774 0.618335 0.011290 0.009980
1 0.852621 0.711149 0.011694 0.007984
1 0.639919 0.713858 0.011290 0.009980
1 0.424395 0.680211 0.014113 0.029370
1 0.436290 0.786712 0.012903 0.037069
1 0.426815 0.817080 0.009274 0.007129
1 0.651613 0.794269 0.019355 0.035073
1 0.639718 0.821928 0.010887 0.009410
1 0.779435 0.802395 0.014516 0.007984
4 0.928024 0.806102 0.010887 0.009125
