1 0.789415 0.306245 0.006653 0.012546
1 0.865323 0.305817 0.011694 0.017964
1 0.721472 0.607499 0.007056 0.008269
1 0.485988 0.604078 0.006250 0.016253
1 0.468952 0.603507 0.008871 0.009410
1 0.155847 0.541203 0.031855 0.014257
1 0.081452 0.513829 0.029032 0.016538
1 0.486190 0.238808 0.038105 0.046478
1 0.422278 0.227830 0.016331 0.087824
1 0.333871 0.227260 0.005242 0.090676
1 0.268851 0.191902 0.027621 0.026233
1 0.188911 0.194611 0.015726 0.023097
1 0.534677 0.541916 0.009677 0.073852
1 0.601512 0.504420 0.005847 0.049615
