1 0.272177 0.417166 0.008871 0.011976
1 0.248992 0.480610 0.018145 0.041346
1 0.231048 0.552181 0.017742 0.043627
1 0.216129 0.630311 0.013710 0.052752
1 0.217540 0.701312 0.018145 0.058455
1 0.598387 0.278728 0.008065 0.012261
1 0.576815 0.350157 0.021371 0.053037
3 0.717742 0.277730 0.014516 0.045053
3 0.715524 0.355432 0.013306 0.067579
1 0.463306 0.290134 0.022581 0.039065
1 0.478024 0.359852 0.025403 0.037069
1 0.464718 0.427859 0.022177 0.046478
1 0.500000 0.495580 0.000000 0.050756
1 0.471573 0.565726 0.023790 0.049615
1 0.517742 0.634445 0.020968 0.049615
1 0.763508 0.630168 0.022177 0.079270
1 0.767742 0.550898 0.010484 0.085543
1 0.761895 0.451668 0.007661 0.070716
1 0.803629 0.377246 0.019355 0.057029
1 0.784274 0.260051 0.007258 0.075848
1 0.759073 0.179783 0.016532 0.063587
1 0.783669 0.814514 0.035887 0.048760
1 0.834274 0.828201 0.029839 0.067579
1 0.782863 0.897918 0.004435 0.029655
1 0.161492 0.347733 0.004435 0.040205
