1 0.685887 0.102367 0.014516 0.055318
1 0.669355 0.172227 0.016129 0.051896
1 0.320968 0.371685 0.014516 0.053322
1 0.308266 0.442116 0.018952 0.056744
1 0.294556 0.513117 0.014113 0.052181
1 0.282258 0.583405 0.013710 0.054177
1 0.680645 0.599515 0.020968 0.053892
1 0.657863 0.669518 0.021371 0.050756
1 0.274194 0.654976 0.009677 0.054177
1 0.640726 0.740376 0.016129 0.052181
1 0.268548 0.724979 0.010484 0.052752
1 0.298185 0.905190 0.010887 0.008269
1 0.427823 0.917593 0.015323 0.015968
1 0.727823 0.860850 0.012097 0.009695
1 0.709073 0.884232 0.009274 0.010265
1 0.702823 0.893641 0.010484 0.008554
1 0.709677 0.460650 0.073387 0.031651
1 0.702218 0.393071 0.088306 0.037924
1 0.714113 0.323924 0.040323 0.030796
1 0.690927 0.251640 0.023790 0.019105
1 0.750605 0.182492 0.014919 0.041061
