1 0.265726 0.148988 0.016129 0.014542
1 0.261492 0.166524 0.014113 0.009125
1 0.285685 0.234816 0.012500 0.009410
1 0.278427 0.258340 0.009274 0.010265
1 0.285282 0.308383 0.014113 0.034502
1 0.280444 0.447534 0.016532 0.039065
1 0.273992 0.497149 0.012500 0.010550
1 0.276210 0.568720 0.014516 0.011691
1 0.278226 0.656259 0.017742 0.041346
1 0.270565 0.684631 0.016129 0.009125
1 0.127823 0.756059 0.012097 0.007699
1 0.236895 0.820359 0.013306 0.011976
1 0.728024 0.813231 0.014919 0.033077
1 0.719960 0.747077 0.008468 0.007414
1 0.750202 0.671372 0.010887 0.009410
1 0.743952 0.693328 0.010484 0.009410
1 0.727218 0.584830 0.010081 0.016538
1 0.672379 0.565155 0.021371 0.006273
1 0.731855 0.458226 0.013710 0.041631
1 0.723589 0.488737 0.014113 0.007414
1 0.729234 0.390362 0.021371 0.040490
1 0.720766 0.420873 0.014919 0.009125
1 0.705040 0.306245 0.009274 0.016538
1 0.705645 0.236242 0.012903 0.019105
1 0.719153 0.175221 0.015726 0.037354
1 0.178629 0.452238 0.041935 0.023382
1 0.193750 0.385087 0.039113 0.017964
1 0.187097 0.319789 0.049194 0.024237
1 0.194355 0.242658 0.031452 0.019960
