1 0.736895 0.461078 0.018145 0.053607
1 0.720565 0.531223 0.016935 0.050756
1 0.703831 0.602082 0.018145 0.051611
1 0.693750 0.673653 0.010887 0.052181
1 0.687702 0.743941 0.012500 0.051896
1 0.209677 0.731252 0.014516 0.052752
1 0.222177 0.660393 0.012903 0.053037
1 0.241734 0.590106 0.021371 0.052181
1 0.147984 0.911748 0.014516 0.035643
4 0.782258 0.893356 0.009677 0.005703
4 0.784677 0.940547 0.010484 0.007699
1 0.237702 0.457086 0.043145 0.055888
1 0.269758 0.379384 0.000000 0.063587
1 0.278024 0.314942 0.013306 0.048760
1 0.272177 0.243656 0.007258 0.041346
1 0.646169 0.312233 0.032661 0.019960
