3 0.142742 0.039920 0.033871 0.027944
1 0.250202 0.339179 0.010081 0.010550
4 0.248589 0.545623 0.013306 0.006558
1 0.243145 0.619760 0.011290 0.017964
1 0.571774 0.317650 0.011290 0.015968
1 0.567944 0.390362 0.012500 0.018249
4 0.560484 0.456801 0.008871 0.005133
1 0.571573 0.466923 0.011694 0.008269
4 0.575403 0.598232 0.016129 0.007414
1 0.569960 0.606359 0.017339 0.010550
1 0.903629 0.303678 0.012097 0.019390
1 0.081653 0.432278 0.032661 0.050756
1 0.112903 0.416310 0.000000 0.044482
1 0.147379 0.355147 0.009274 0.037924
1 0.408669 0.411605 0.027016 0.036784
1 0.429839 0.335472 0.000000 0.039065
1 0.434073 0.544625 0.014919 0.037069
1 0.422984 0.618620 0.019355 0.036784
1 0.437097 0.680924 0.047581 0.034788
1 0.420766 0.763758 0.011694 0.052752
