1 0.129940 0.078700 0.009073 0.011406
4 0.937198 0.347163 0.004637 0.006558
1 0.150605 0.661962 0.007661 0.009410
1 0.238004 0.668520 0.008266 0.012831
1 0.490927 0.405760 0.023790 0.080411
1 0.396573 0.407328 0.035081 0.060165
1 0.313911 0.413174 0.014919 0.103222
1 0.238911 0.404619 0.005242 0.078129
1 0.299496 0.753208 0.023185 0.082407
1 0.370363 0.739093 0.000806 0.085543
1 0.448387 0.777588 0.043145 0.057029
1 0.536089 0.755346 0.050000 0.006273
1 0.602621 0.743656 0.021774 0.057029
1 0.685181 0.749501 0.003024 0.087539
1 0.754536 0.734674 0.019556 0.083547
1 0.606754 0.154405 0.011895 0.103507
1 0.624698 0.147562 0.007460 0.096094
1 0.696270 0.154405 0.017944 0.094953
1 0.772077 0.159253 0.006653 0.104648
1 0.753427 0.173938 0.002419 0.140291
1 0.523085 0.177074 0.009073 0.108925
1 0.444657 0.219989 0.013508 0.025378
