4 0.300101 0.106786 0.005444 0.006558
2 0.366734 0.105218 0.007258 0.009125
1 0.249698 0.741232 0.014718 0.015683
1 0.311794 0.741945 0.008266 0.008554
1 0.081754 0.953522 0.010282 0.008554
0 0.474294 0.100228 0.019153 0.009410
2 0.614516 0.247933 0.009677 0.009410
2 0.705847 0.246364 0.009274 0.009695
2 0.795161 0.244939 0.012903 0.008554
1 0.943851 0.503849 0.013508 0.012546
2 0.883770 0.508269 0.005040 0.008269
2 0.875605 0.502281 0.006452 0.013402
2 0.820161 0.516538 0.005645 0.008269
1 0.756149 0.506558 0.046573 0.037924
1 0.685585 0.521671 0.015121 0.017964
1 0.595464 0.513544 0.030444 0.019390
2 0.303226 0.528087 0.006855 0.007984
2 0.697581 0.728258 0.008468 0.010265
2 0.793649 0.728543 0.008669 0.009695
1 0.885585 0.718278 0.011895 0.009695
1 0.935081 0.713145 0.014919 0.013687
1 0.958468 0.941973 0.009677 0.010550
2 0.865323 0.947819 0.008065 0.008554
2 0.804032 0.949957 0.012097 0.015113
1 0.395060 0.458654 0.023185 0.080125
1 0.337903 0.451098 0.004435 0.050756
1 0.317742 0.456516 0.002823 0.065583
1 0.284879 0.460650 0.006048 0.061306
1 0.263609 0.467636 0.011089 0.072997
1 0.246472 0.467494 0.006653 0.051611
1 0.200504 0.470202 0.004637 0.074137
1 0.132964 0.459652 0.002218 0.039920
1 0.181452 0.655546 0.005242 0.070716
1 0.329335 0.668663 0.018750 0.048474
1 0.388710 0.685629 0.000000 0.063587
1 0.440927 0.695609 0.008871 0.074993
1 0.447278 0.885800 0.032056 0.057884
1 0.383468 0.887796 0.006048 0.053892
1 0.331855 0.875250 0.006048 0.057884
1 0.459980 0.187767 0.039718 0.047619
