1 0.686290 0.102367 0.014516 0.055318
1 0.669758 0.172512 0.016129 0.051896
1 0.320968 0.371970 0.014516 0.053322
1 0.308669 0.442116 0.018952 0.056744
1 0.294758 0.513259 0.013710 0.052466
1 0.282661 0.583405 0.013710 0.054177
1 0.680847 0.599800 0.020565 0.053892
1 0.658266 0.669803 0.021371 0.050756
1 0.274194 0.654976 0.009677 0.054177
1 0.640726 0.740519 0.016129 0.052466
1 0.268750 0.724979 0.010887 0.052752
1 0.298387 0.905190 0.011290 0.008269
1 0.427823 0.917736 0.015323 0.016253
1 0.727823 0.860850 0.012097 0.009695
1 0.709274 0.884374 0.009677 0.010550
1 0.702823 0.893926 0.010484 0.008554
