4 0.226210 0.184773 0.008065 0.007984
4 0.307460 0.077417 0.005645 0.008269
4 0.377218 0.077702 0.007661 0.007699
4 0.426210 0.077417 0.008468 0.006558
1 0.931855 0.094098 0.021371 0.096949
1 0.945161 0.191332 0.008468 0.038780
1 0.648690 0.476903 0.021976 0.097234
4 0.197782 0.359709 0.004839 0.007129
4 0.268145 0.359852 0.008065 0.010265
4 0.288306 0.488024 0.010887 0.011691
4 0.405343 0.401483 0.004234 0.010265
4 0.403528 0.922583 0.007056 0.006558
4 0.224093 0.729683 0.005040 0.010265
4 0.296573 0.725406 0.007258 0.007414
4 0.639718 0.816652 0.004032 0.003992
4 0.578831 0.804249 0.005242 0.006558
1 0.672581 0.605076 0.022581 0.098660
1 0.679133 0.356715 0.032863 0.051896
1 0.666431 0.226262 0.043347 0.031651
1 0.590625 0.213573 0.044153 0.048474
1 0.586593 0.083262 0.038911 0.049615
1 0.675000 0.105788 0.018548 0.035928
1 0.803024 0.101654 0.019355 0.037924
1 0.896774 0.109068 0.014113 0.052752
1 0.908367 0.361563 0.026815 0.057029
1 0.908770 0.481323 0.023185 0.043342
