4 0.208266 0.224551 0.009274 0.009980
2 0.314718 0.314371 0.014919 0.009410
2 0.296573 0.415027 0.017339 0.011691
2 0.267339 0.641717 0.012097 0.008269
4 0.271573 0.704163 0.009274 0.011121
2 0.248790 0.857713 0.012097 0.013117
2 0.239315 0.922869 0.010887 0.010550
1 0.224395 0.416310 0.016532 0.027374
1 0.231048 0.316510 0.020968 0.015968
1 0.188508 0.722555 0.064113 0.023382
1 0.296774 0.151697 0.012097 0.013687
1 0.267742 0.158112 0.010484 0.015683
1 0.306452 0.198745 0.013710 0.014827
1 0.340927 0.196179 0.016532 0.009695
1 0.319960 0.212005 0.013306 0.011691
1 0.224395 0.154976 0.022177 0.017964
