4 0.300302 0.106929 0.005444 0.006843
1 0.366734 0.105503 0.007258 0.009125
1 0.249899 0.741232 0.014718 0.015683
1 0.311895 0.741945 0.008065 0.008554
1 0.081855 0.953664 0.010081 0.008839
0 0.474395 0.100513 0.018952 0.009410
1 0.614617 0.247933 0.009476 0.009410
1 0.705847 0.246507 0.009274 0.009410
1 0.795262 0.244939 0.012702 0.008554
1 0.944052 0.503992 0.013508 0.012831
1 0.883871 0.508554 0.004839 0.008269
1 0.875806 0.502566 0.006452 0.013402
1 0.820262 0.516823 0.005444 0.008269
1 0.756250 0.506843 0.046371 0.037924
1 0.685786 0.521956 0.015121 0.017964
1 0.595665 0.513829 0.030444 0.019390
1 0.303226 0.528087 0.006855 0.007984
1 0.697581 0.728258 0.008468 0.010265
1 0.793750 0.728543 0.008468 0.009695
1 0.885585 0.718278 0.011895 0.009695
1 0.935081 0.713430 0.014919 0.013687
1 0.958468 0.942258 0.009677 0.010550
1 0.865323 0.947819 0.008065 0.008554
1 0.804133 0.950242 0.012298 0.015113
