2 0.120968 0.204163 0.013710 0.006843
4 0.148589 0.328914 0.012500 0.005418
4 0.107258 0.370259 0.008065 0.008269
4 0.378629 0.517536 0.012903 0.007984
2 0.272177 0.641146 0.008871 0.009410
4 0.154032 0.791987 0.013710 0.006558
4 0.685887 0.788281 0.012903 0.008269
1 0.430242 0.924865 0.007258 0.016253
4 0.616331 0.929284 0.008468 0.006273
1 0.757258 0.964500 0.012903 0.013402
1 0.183266 0.484460 0.020565 0.047334
1 0.190121 0.401625 0.025403 0.052752
1 0.300403 0.303393 0.007258 0.033647
1 0.312298 0.207300 0.004435 0.044482
1 0.289315 0.116909 0.009274 0.049615
1 0.198185 0.107499 0.002823 0.041061
1 0.210081 0.670374 0.008871 0.041061
1 0.239919 0.671372 0.003226 0.045338
1 0.185484 0.936413 0.013710 0.051896
1 0.228831 0.935985 0.004435 0.046478
1 0.767339 0.827203 0.000000 0.035928
1 0.847177 0.939122 0.001613 0.050470
