4 0.242843 0.274309 0.003831 0.007414
4 0.322278 0.279013 0.004234 0.002566
2 0.690827 0.276732 0.005847 0.005418
2 0.674395 0.271600 0.006048 0.012831
4 0.449194 0.445252 0.004839 0.008839
4 0.639315 0.881523 0.006452 0.006558
1 0.512198 0.172370 0.008266 0.107499
1 0.427117 0.169803 0.005040 0.108640
1 0.349395 0.244796 0.035081 0.017964
1 0.337198 0.468634 0.041734 0.005418
1 0.411089 0.769176 0.050806 0.016823
1 0.504435 0.681922 0.044758 0.039065
1 0.576109 0.691474 0.019556 0.049615
1 0.662702 0.685629 0.001613 0.052752
1 0.170565 0.448532 0.014919 0.045623
