2 0.277218 0.163530 0.008468 0.009980
1 0.264919 0.205446 0.017742 0.041916
2 0.253831 0.332763 0.009274 0.015398
1 0.667339 0.563445 0.012903 0.054748
1 0.657258 0.634731 0.011290 0.051896
1 0.650806 0.704306 0.012097 0.051326
1 0.198992 0.643427 0.013306 0.055033
1 0.172782 0.723125 0.006048 0.034788
1 0.177218 0.506131 0.002823 0.065583
1 0.163710 0.425720 0.000000 0.035928
1 0.179435 0.355575 0.007258 0.041061
1 0.175605 0.288566 0.014919 0.048474
1 0.182460 0.221557 0.016532 0.058169
1 0.193750 0.144283 0.002823 0.043342
1 0.200403 0.076276 0.004839 0.023097
1 0.636492 0.210436 0.019758 0.048474
1 0.637097 0.284859 0.020968 0.039350
1 0.632661 0.347733 0.008871 0.031651
1 0.693145 0.426861 0.022581 0.042201
