4 0.621371 0.133447 0.012903 0.006273
4 0.094355 0.179356 0.010484 0.009125
3 0.626815 0.288708 0.021371 0.005988
4 0.113105 0.426290 0.014113 0.008554
4 0.129637 0.552752 0.014113 0.010550
1 0.127419 0.634445 0.010484 0.023382
4 0.126411 0.682777 0.015726 0.012261
1 0.771371 0.691759 0.008871 0.027944
0 0.575403 0.796835 0.018548 0.009980
0 0.579637 0.813658 0.012500 0.011691
3 0.157661 0.847876 0.037903 0.007699
3 0.159476 0.909324 0.031855 0.009125
3 0.208468 0.909609 0.023387 0.011406
4 0.353427 0.974337 0.015726 0.011976
4 0.720161 0.980610 0.014516 0.012546
1 0.191532 0.166096 0.040323 0.023097
1 0.240726 0.576846 0.028226 0.021101
1 0.251210 0.632877 0.037097 0.046478
1 0.227218 0.695181 0.034274 0.042201
