1 0.109274 0.086826 0.013710 0.047049
1 0.101411 0.192757 0.031855 0.033077
1 0.557661 0.088109 0.007258 0.011976
0 0.524798 0.219846 0.009274 0.005703
4 0.169153 0.386228 0.016532 0.009410
3 0.724194 0.257342 0.012903 0.007699
0 0.856250 0.374537 0.010887 0.017394
1 0.637298 0.497006 0.010887 0.007414
4 0.326613 0.746364 0.014516 0.006558
1 0.794556 0.072712 0.012500 0.006273
1 0.372177 0.677217 0.007258 0.018820
1 0.403427 0.676789 0.013306 0.017964
1 0.431250 0.674080 0.023790 0.027374
1 0.501210 0.676647 0.020968 0.028514
1 0.602218 0.684488 0.022177 0.031651
1 0.239919 0.358283 0.008871 0.040205
1 0.169758 0.347733 0.000000 0.019105
1 0.113710 0.348303 0.001613 0.032792
