0 0.269960 0.252352 0.014113 0.007984
0 0.364214 0.248503 0.010685 0.012261
1 0.349395 0.246364 0.008065 0.011406
1 0.391835 0.253921 0.034879 0.016253
1 0.493448 0.249358 0.012702 0.011691
1 0.474597 0.249929 0.004839 0.010550
1 0.534073 0.249929 0.035484 0.011121
0 0.819960 0.530083 0.013306 0.009125
1 0.396472 0.535073 0.029234 0.011691
1 0.271976 0.538352 0.016129 0.006273
4 0.308065 0.539065 0.004839 0.007129
1 0.295464 0.537782 0.009476 0.009695
1 0.065323 0.675364 0.007661 0.012261
1 0.294758 0.860707 0.047984 0.018534
1 0.370968 0.819076 0.069355 0.044768
1 0.460585 0.817223 0.067540 0.050756
1 0.552621 0.679213 0.072984 0.059880
1 0.475907 0.740804 0.052218 0.050756
1 0.643952 0.722127 0.074597 0.047049
1 0.734577 0.674508 0.074798 0.041346
1 0.824597 0.657114 0.076613 0.019675
1 0.909980 0.661819 0.045766 0.017109
1 0.454335 0.441260 0.011895 0.024237
1 0.437601 0.683062 0.012702 0.051611
1 0.384173 0.698318 0.028427 0.025093
1 0.354234 0.712005 0.014919 0.042201
1 0.300504 0.715284 0.028427 0.046478
1 0.295363 0.807100 0.050806 0.023097
1 0.128024 0.908041 0.016532 0.053892
1 0.144859 0.686769 0.006653 0.040205
1 0.077722 0.734674 0.012702 0.039065
