0 0.270161 0.252495 0.014113 0.008269
0 0.364415 0.248788 0.010685 0.012261
1 0.349496 0.246507 0.007863 0.011121
1 0.391835 0.253921 0.034879 0.016253
1 0.493448 0.249501 0.012702 0.011406
1 0.474597 0.249929 0.004839 0.010550
1 0.534274 0.249929 0.035484 0.011121
0 0.820161 0.530083 0.013306 0.009125
1 0.396472 0.535073 0.029234 0.011691
1 0.272177 0.538352 0.016129 0.006273
4 0.308065 0.539065 0.004839 0.007129
1 0.295665 0.537782 0.009476 0.009695
1 0.065524 0.675364 0.007661 0.012261
1 0.294859 0.860992 0.048185 0.018534
1 0.370968 0.819361 0.069355 0.044768
1 0.460786 0.817223 0.067540 0.050756
1 0.552722 0.679498 0.073185 0.059880
1 0.476008 0.741089 0.052419 0.050756
1 0.643952 0.722412 0.074597 0.047049
1 0.734577 0.674793 0.074798 0.041346
1 0.824798 0.657399 0.076613 0.019675
1 0.909980 0.662104 0.045766 0.017109
