4 0.209677 0.222697 0.008871 0.009695
4 0.696774 0.147705 0.012903 0.006843
4 0.686492 0.196607 0.015726 0.010550
4 0.687500 0.290419 0.011290 0.011121
4 0.699395 0.359709 0.014919 0.011691
1 0.312500 0.314514 0.012903 0.011406
1 0.298185 0.414314 0.019758 0.007414
4 0.694355 0.433989 0.016129 0.011976
1 0.606855 0.513544 0.014516 0.013687
1 0.268750 0.641431 0.014919 0.009410
4 0.273790 0.707015 0.008871 0.013402
1 0.248790 0.856002 0.012097 0.008554
1 0.238911 0.923867 0.016532 0.010265
1 0.234073 0.315512 0.014919 0.024237
1 0.181048 0.705161 0.013710 0.022241
1 0.163710 0.738951 0.029839 0.026518
