1 0.075806 0.209296 0.017742 0.034788
1 0.122177 0.304391 0.073387 0.099515
1 0.204839 0.419304 0.062903 0.071571
1 0.259677 0.473482 0.026613 0.020816
1 0.321774 0.435130 0.079839 0.098660
1 0.300000 0.561876 0.062903 0.099515
1 0.398992 0.543199 0.043145 0.055888
1 0.373992 0.692757 0.071371 0.098945
1 0.285685 0.290704 0.034274 0.010550
1 0.335484 0.330339 0.101613 0.009410
1 0.334879 0.266324 0.088306 0.008554
1 0.341532 0.180924 0.119355 0.004277
1 0.140726 0.570003 0.094355 0.011406
1 0.142742 0.674080 0.110484 0.006273
