4 0.204637 0.158825 0.006048 0.011406
4 0.214012 0.162817 0.003831 0.008554
1 0.386694 0.157114 0.022177 0.007414
2 0.807762 0.289279 0.011895 0.007129
1 0.640726 0.593527 0.083065 0.025378
0 0.541331 0.603080 0.018548 0.008554
0 0.355948 0.611776 0.020766 0.005988
4 0.315323 0.605076 0.006048 0.012546
4 0.061391 0.878814 0.005444 0.011406
2 0.304637 0.741945 0.012097 0.013687
2 0.277016 0.892643 0.013710 0.012831
2 0.453528 0.888366 0.017540 0.010550
1 0.533569 0.821928 0.023992 0.067579
1 0.633972 0.834616 0.036492 0.033647
1 0.722480 0.783433 0.046169 0.024237
1 0.844153 0.757342 0.025403 0.014827
