1 0.124597 0.081551 0.011290 0.007414
1 0.219960 0.082407 0.021371 0.011406
1 0.310282 0.083262 0.015323 0.011406
1 0.896976 0.511691 0.041532 0.019675
1 0.806149 0.510550 0.040927 0.016823
0 0.726210 0.516253 0.016935 0.008269
1 0.095968 0.482606 0.081452 0.013402
1 0.186794 0.497434 0.081653 0.020816
4 0.042137 0.850299 0.004839 0.007414
1 0.342843 0.872683 0.025202 0.007129
4 0.393851 0.870687 0.003831 0.010550
1 0.413105 0.872113 0.015323 0.009980
1 0.528024 0.876248 0.016935 0.009695
1 0.707460 0.879812 0.025000 0.008269
4 0.680645 0.872398 0.004435 0.009980
4 0.863609 0.876533 0.006250 0.007984
1 0.181855 0.406758 0.019355 0.067579
1 0.262500 0.408469 0.038710 0.039065
1 0.355040 0.209438 0.053629 0.016823
1 0.465625 0.388366 0.052218 0.034788
1 0.571976 0.402623 0.022984 0.006273
1 0.465524 0.777588 0.025403 0.023382
1 0.555645 0.775449 0.005242 0.012831
1 0.622681 0.782293 0.012702 0.015683
