4 0.093548 0.042059 0.008871 0.005418
1 0.229234 0.119760 0.068952 0.003992
1 0.251411 0.223268 0.009274 0.004562
1 0.719153 0.177360 0.013306 0.017109
1 0.701210 0.236099 0.014516 0.033647
1 0.704234 0.312233 0.013306 0.022812
1 0.695968 0.341317 0.008871 0.007414
1 0.708266 0.366125 0.010887 0.018820
1 0.244960 0.371685 0.007661 0.014542
1 0.257258 0.467066 0.011290 0.015968
3 0.731653 0.454377 0.011694 0.009410
1 0.264315 0.525520 0.017339 0.037069
1 0.263508 0.595523 0.014919 0.039635
1 0.702621 0.602082 0.010887 0.016253
1 0.729032 0.546193 0.013710 0.011121
1 0.658266 0.692472 0.012500 0.008269
1 0.125605 0.730967 0.013306 0.008269
1 0.692540 0.760051 0.010081 0.009410
1 0.710887 0.800114 0.017742 0.038780
1 0.698790 0.828201 0.007258 0.007699
1 0.247177 0.810379 0.017742 0.033647
1 0.236895 0.837183 0.009274 0.009695
1 0.216129 0.903479 0.008871 0.007699
