2 0.872077 0.261620 0.006653 0.014542
2 0.795766 0.256915 0.006855 0.011976
2 0.795161 0.490163 0.006452 0.011406
2 0.718347 0.487026 0.006855 0.015968
2 0.566028 0.716424 0.007056 0.013402
2 0.795565 0.719418 0.008468 0.015398
2 0.864315 0.957656 0.006855 0.016253
1 0.568246 0.379812 0.054637 0.013687
1 0.571976 0.442829 0.056048 0.021101
1 0.491331 0.384659 0.022984 0.003992
1 0.486794 0.411605 0.042540 0.013972
1 0.405141 0.402623 0.017944 0.050756
1 0.406250 0.180354 0.000806 0.060165
1 0.482359 0.163388 0.011089 0.055888
1 0.558569 0.162817 0.014315 0.044482
1 0.645867 0.174936 0.008266 0.039065
1 0.715020 0.169233 0.013508 0.037924
1 0.796774 0.173368 0.006855 0.069575
1 0.868750 0.174508 0.004435 0.053037
1 0.866532 0.392073 0.025403 0.042201
1 0.872581 0.445965 0.023790 0.035928
1 0.797883 0.389507 0.034476 0.034788
1 0.795262 0.427431 0.023185 0.032506
1 0.720262 0.388936 0.041734 0.035928
1 0.721371 0.426290 0.036694 0.013687
1 0.722379 0.452238 0.025403 0.014827
1 0.335585 0.406758 0.011895 0.061306
1 0.266935 0.398346 0.008871 0.063302
1 0.200101 0.400485 0.002218 0.059025
1 0.198992 0.630739 0.002823 0.080411
1 0.293145 0.567294 0.004435 0.040205
1 0.359173 0.565868 0.009879 0.017964
1 0.432762 0.567294 0.009073 0.019105
1 0.415524 0.567294 0.008871 0.025378
1 0.392339 0.570573 0.014919 0.029655
1 0.396069 0.638580 0.011895 0.030510
1 0.481653 0.620188 0.003629 0.053037
1 0.582157 0.632877 0.007460 0.065298
1 0.641431 0.630168 0.015524 0.064443
1 0.731351 0.646136 0.013508 0.064443
1 0.640020 0.877816 0.012702 0.061306
1 0.564516 0.870545 0.000806 0.057029
1 0.488004 0.868834 0.017944 0.062161
1 0.416734 0.861420 0.000806 0.055888
1 0.426714 0.811235 0.007460 0.042201
1 0.726512 0.811948 0.011089 0.024237
