4 0.351411 0.239664 0.012500 0.005988
1 0.347581 0.316652 0.011290 0.021386
1 0.343750 0.458369 0.009274 0.020245
1 0.349395 0.527944 0.012500 0.017394
1 0.789113 0.448817 0.008871 0.017109
1 0.792742 0.520245 0.012097 0.021956
1 0.202621 0.395210 0.009274 0.021101
1 0.201210 0.463359 0.003226 0.026233
1 0.226613 0.481323 0.003226 0.034788
1 0.265323 0.486028 0.000000 0.040205
1 0.186089 0.544625 0.006048 0.022241
1 0.210887 0.613915 0.013710 0.035928
1 0.197379 0.674080 0.001210 0.027374
1 0.208669 0.745224 0.002823 0.032792
1 0.205645 0.818791 0.003226 0.025378
1 0.623790 0.468206 0.000000 0.042201
1 0.652218 0.391075 0.014919 0.037924
1 0.669355 0.324351 0.007258 0.031651
1 0.633468 0.536784 0.001613 0.046478
1 0.636492 0.609638 0.004435 0.044482
1 0.641734 0.675649 0.018145 0.036784
1 0.641734 0.747362 0.014919 0.041061
1 0.660484 0.814514 0.019355 0.033932
1 0.643952 0.878814 0.004839 0.014827
