4 0.687903 0.111064 0.011290 0.008839
4 0.837903 0.155689 0.008065 0.011406
2 0.243347 0.112062 0.009274 0.007414
4 0.085081 0.269746 0.007258 0.006843
2 0.557258 0.195751 0.009677 0.009410
1 0.452419 0.421585 0.012903 0.014542
1 0.243952 0.450670 0.009677 0.007699
1 0.622984 0.181352 0.010484 0.062161
1 0.652218 0.181922 0.009274 0.086684
1 0.155645 0.249358 0.010484 0.067579
1 0.220565 0.245794 0.062903 0.024522
1 0.145968 0.418877 0.029839 0.034788
1 0.233266 0.421015 0.049597 0.024237
1 0.147379 0.084688 0.006048 0.033647
1 0.105444 0.090961 0.014919 0.035928
