0 0.681019 0.544271 0.036111 0.027083
0 0.354167 0.493229 0.039815 0.028125
0 0.587500 0.535937 0.036111 0.025000
0 0.731944 0.696875 0.037963 0.030208
0 0.568519 0.563281 0.038889 0.030729
0 0.513889 0.661719 0.042593 0.026562
0 0.678704 0.414844 0.031481 0.026562
0 0.520833 0.591927 0.036111 0.028646
0 0.887037 0.508333 0.037037 0.026042
0 0.755556 0.429688 0.031481 0.022917
0 0.975463 0.734115 0.036111 0.027604
0 0.545370 0.539062 0.040741 0.029167
0 0.389352 0.358073 0.039815 0.028646
0 0.927778 0.656510 0.040741 0.028646
0 0.983333 0.758854 0.031481 0.030208
0 0.853704 0.652344 0.040741 0.031771
0 0.894907 0.674479 0.039815 0.032292
0 0.533796 0.452344 0.034259 0.022396
0 0.536111 0.435417 0.038889 0.022917
0 0.474537 0.554167 0.036111 0.026042
0 0.689352 0.692969 0.039815 0.031771
0 0.458796 0.603385 0.041667 0.022396
0 0.522222 0.690365 0.042593 0.028646
0 0.861574 0.420312 0.043519 0.030208
0 0.959259 0.492708 0.040741 0.030208
