0 0.347685 0.595313 0.049074 0.030208
0 0.436111 0.713542 0.068519 0.041667
0 0.570833 0.648698 0.062037 0.035937
0 0.489352 0.647396 0.045370 0.029167
0 0.293981 0.681510 0.060185 0.034896
0 0.976852 0.520573 0.046296 0.029687
0 0.565741 0.420573 0.046296 0.023438
0 0.905556 0.667969 0.062963 0.030729
0 0.478704 0.503906 0.061111 0.033854
0 0.606481 0.622656 0.051852 0.034896
0 0.703241 0.753125 0.047222 0.027083
0 0.852315 0.636719 0.062037 0.045312
0 0.359722 0.566667 0.045370 0.032292
0 0.938889 0.478125 0.066667 0.033333
0 0.912037 0.640104 0.053704 0.028125
0 0.592593 0.692969 0.055556 0.034896
0 0.573148 0.725521 0.064815 0.036458
0 0.452778 0.748437 0.064815 0.032292
0 0.853704 0.773958 0.070370 0.039583
0 0.971296 0.660156 0.057407 0.034896
0 0.949074 0.686979 0.053704 0.030208
0 0.875000 0.709896 0.061111 0.036458
0 0.919444 0.731771 0.050000 0.042708
0 0.969444 0.718490 0.061111 0.036979
0 0.982407 0.758594 0.035185 0.029687
0 0.387037 0.615104 0.066667 0.034375
