0 0.695833 0.721354 0.075000 0.042708
0 0.690741 0.655469 0.062963 0.036979
0 0.977315 0.722656 0.045370 0.030729
0 0.758796 0.701823 0.075000 0.036979
0 0.552315 0.754948 0.062037 0.040104
0 0.815741 0.736719 0.048148 0.035937
0 0.953704 0.761458 0.066667 0.035417
0 0.889815 0.798958 0.068519 0.035417
0 0.971296 0.800781 0.057407 0.043229
0 0.831481 0.784896 0.062963 0.040625
0 0.771296 0.790625 0.061111 0.039583
0 0.715741 0.773958 0.057407 0.039583
0 0.642593 0.769792 0.077778 0.045833
0 0.655556 0.801562 0.048148 0.036458
