0 0.818056 0.684896 0.060185 0.036458
0 0.756019 0.653646 0.058333 0.032292
0 0.462963 0.695573 0.074074 0.044271
0 0.875926 0.683854 0.059259 0.038542
0 0.964352 0.668490 0.056481 0.033854
0 0.788426 0.627344 0.050926 0.031771
0 0.384722 0.686458 0.063889 0.039583
0 0.618519 0.671354 0.059259 0.034375
0 0.504167 0.654687 0.062037 0.036458
0 0.501389 0.598698 0.045370 0.029687
0 0.561111 0.639062 0.070370 0.034375
0 0.469444 0.727604 0.042593 0.032292
0 0.523148 0.702083 0.053704 0.037500
0 0.568519 0.713021 0.055556 0.036458
0 0.624074 0.710417 0.055556 0.035417
0 0.675000 0.720833 0.057407 0.037500
0 0.732407 0.685937 0.053704 0.036458
0 0.737037 0.716667 0.059259 0.037500
0 0.820370 0.716667 0.066667 0.031250
0 0.857407 0.738021 0.051852 0.028125
0 0.922222 0.721354 0.066667 0.040625
0 0.975000 0.734115 0.050000 0.034896
0 0.976852 0.701302 0.046296 0.031771
