0 0.780556 0.757031 0.044444 0.026562
0 0.426389 0.492188 0.058333 0.030208
0 0.340278 0.695833 0.071296 0.039583
0 0.381481 0.514844 0.055556 0.032813
0 0.323611 0.488021 0.052778 0.028125
0 0.527315 0.403385 0.060185 0.028646
0 0.452778 0.526563 0.057407 0.030208
0 0.755556 0.571875 0.051852 0.033333
0 0.801852 0.595313 0.062963 0.030208
0 0.845370 0.563021 0.064815 0.040625
0 0.559259 0.675000 0.062963 0.037500
0 0.470370 0.707812 0.051852 0.034375
0 0.406481 0.732292 0.050000 0.027083
0 0.507407 0.737500 0.051852 0.027083
0 0.600926 0.742188 0.064815 0.036458
0 0.563889 0.708333 0.061111 0.029167
0 0.666667 0.708333 0.048148 0.037500
0 0.662963 0.654687 0.059259 0.040625
0 0.700926 0.684896 0.057407 0.034375
0 0.772222 0.685417 0.070370 0.037500
0 0.759259 0.725521 0.070370 0.044792
0 0.917593 0.621354 0.064815 0.036458
0 0.969444 0.647396 0.057407 0.042708
0 0.954630 0.691146 0.064815 0.044792
0 0.887963 0.677083 0.064815 0.041667
0 0.893519 0.715104 0.068519 0.040625
0 0.871296 0.756771 0.079630 0.036458
0 0.943519 0.748437 0.075926 0.048958
