0 0.6990 0.9146 0.0860 0.0613
0 0.5889 0.7660 0.0677 0.0453
0 0.3409 0.9145 0.0889 0.0513
0 0.5489 0.7289 0.0927 0.0485
0 0.5887 0.8294 0.0831 0.0452
0 0.6251 0.9272 0.0885 0.0542
0 0.4095 0.7080 0.0754 0.0465
0 0.3293 0.7054 0.0624 0.0446
0 0.1835 0.6659 0.0620 0.0458
0 0.2567 0.5667 0.0620 0.0445
0 0.9645 0.8234 0.0668 0.0562
0 0.4170 0.6703 0.0673 0.0421
0 0.0524 0.6775 0.0826 0.0479
0 0.5902 0.8910 0.0700 0.0382
0 0.5489 0.8680 0.0668 0.0410
0 0.8537 0.9264 0.0830 0.0503
0 0.6702 0.7680 0.0811 0.0606
0 0.4258 0.7559 0.0764 0.0503
0 0.1233 0.6676 0.0546 0.0392
0 0.4206 0.8862 0.0737 0.0482
0 0.3480 0.7506 0.0684 0.0453
0 0.4793 0.8672 0.0751 0.0439
