0 0.452315 0.664844 0.037963 0.025521
0 0.529167 0.450781 0.049074 0.036979
0 0.565278 0.477083 0.036111 0.032292
0 0.430093 0.395313 0.037963 0.038542
0 0.395833 0.565885 0.063889 0.036979
0 0.950463 0.718490 0.058333 0.028646
0 0.782407 0.718750 0.055556 0.027083
0 0.648148 0.342708 0.044444 0.029167
0 0.345370 0.426042 0.050000 0.029167
0 0.600926 0.454167 0.050000 0.025000
0 0.618519 0.479687 0.059259 0.034375
0 0.437963 0.552604 0.046296 0.038542
0 0.592593 0.696875 0.048148 0.027083
0 0.633333 0.711458 0.062963 0.037500
