0 0.412037 0.509635 0.031481 0.027604
0 0.333333 0.559635 0.037037 0.029687
0 0.754167 0.703385 0.047222 0.028646
0 0.374074 0.623437 0.040741 0.026042
0 0.704630 0.716927 0.042593 0.027604
0 0.837963 0.686719 0.053704 0.030729
0 0.643056 0.563281 0.047222 0.024479
0 0.619444 0.589063 0.057407 0.030208
0 0.276852 0.708333 0.048148 0.030208
0 0.579167 0.571875 0.054630 0.029167
0 0.460648 0.604688 0.049074 0.026042
0 0.612963 0.544010 0.044444 0.024479
0 0.297685 0.684115 0.047222 0.026562
0 0.368981 0.699479 0.047222 0.027083
0 0.716204 0.665885 0.063889 0.030729
0 0.949537 0.708333 0.028704 0.031250
0 0.918056 0.700521 0.047222 0.032292
0 0.644444 0.704948 0.062963 0.026562
0 0.472222 0.715365 0.050000 0.029687
0 0.662500 0.648177 0.045370 0.027604
0 0.265741 0.657813 0.038889 0.029167
0 0.779630 0.728125 0.053704 0.028125
0 0.453241 0.568229 0.039815 0.033333
0 0.498611 0.666927 0.041667 0.022396
0 0.448611 0.649479 0.043519 0.028125
0 0.874074 0.712500 0.040741 0.033333
0 0.518519 0.619792 0.044444 0.033333
0 0.487037 0.632812 0.031481 0.022917
0 0.541204 0.680208 0.047222 0.025000
0 0.530556 0.707812 0.046296 0.031250
0 0.438426 0.692969 0.047222 0.024479
0 0.424074 0.669010 0.048148 0.023438
0 0.358333 0.650521 0.048148 0.029167
0 0.369907 0.673958 0.050926 0.025000
0 0.410648 0.714323 0.050926 0.028646
