0 0.606481 0.698958 0.044444 0.030208
0 0.621296 0.726042 0.044444 0.030208
0 0.646296 0.747917 0.038889 0.032292
0 0.281019 0.736198 0.036111 0.029687
0 0.738889 0.720313 0.042593 0.030208
0 0.316204 0.716927 0.037963 0.030729
0 0.771759 0.757552 0.052778 0.038021
0 0.887963 0.728906 0.062963 0.036979
0 0.695370 0.736719 0.038889 0.033854
0 0.796759 0.725781 0.047222 0.027604
0 0.600463 0.761198 0.060185 0.033854
0 0.668981 0.711979 0.039815 0.033333
0 0.829167 0.753646 0.036111 0.036458
0 0.549074 0.713281 0.044444 0.030729
0 0.543981 0.741667 0.045370 0.038542
0 0.241204 0.751302 0.049074 0.032813
0 0.880093 0.766667 0.050926 0.040625
0 0.822222 0.702865 0.053704 0.030729
0 0.925463 0.753906 0.030556 0.031771
0 0.976852 0.683854 0.046296 0.042708
0 0.405556 0.755469 0.055556 0.038021
0 0.950926 0.706250 0.061111 0.040625
0 0.958333 0.773438 0.066667 0.044792
0 0.965741 0.737500 0.055556 0.038542
0 0.681481 0.764323 0.044444 0.038021
