0 0.452315 0.764323 0.032407 0.027604
0 0.237963 0.350521 0.029630 0.023958
0 0.684259 0.684375 0.038889 0.021875
0 0.410648 0.834635 0.060185 0.036979
0 0.547222 0.327865 0.027778 0.021354
0 0.755093 0.640104 0.037963 0.035417
0 0.539352 0.830469 0.050926 0.031771
0 0.087963 0.698698 0.055556 0.035937
0 0.138889 0.443229 0.059259 0.032292
0 0.286111 0.623437 0.053704 0.030208
0 0.483796 0.809635 0.050926 0.029687
0 0.447685 0.821615 0.023148 0.017188
0 0.478704 0.836198 0.042593 0.025521
0 0.712500 0.805208 0.049074 0.038542
0 0.763889 0.796615 0.055556 0.030729
0 0.753241 0.824219 0.054630 0.027604
