0 0.841667 0.682813 0.046296 0.032292
0 0.895370 0.685156 0.046296 0.031771
0 0.318981 0.734375 0.052778 0.031250
0 0.144444 0.704948 0.059259 0.040104
0 0.894907 0.739323 0.041667 0.034896
0 0.713426 0.737500 0.045370 0.034375
0 0.535185 0.737240 0.048148 0.033854
0 0.979167 0.727083 0.041667 0.029167
0 0.546296 0.683073 0.044444 0.040104
0 0.663889 0.739062 0.046296 0.033333
0 0.100463 0.731510 0.045370 0.033854
0 0.950000 0.740365 0.037037 0.031771
0 0.774537 0.675521 0.052778 0.039583
0 0.387963 0.713802 0.057407 0.039062
0 0.756944 0.719010 0.058333 0.039062
0 0.822222 0.722917 0.048148 0.032292
0 0.604167 0.735677 0.047222 0.038021
0 0.157870 0.733073 0.056481 0.032813
0 0.517130 0.660156 0.043519 0.033854
0 0.484259 0.644010 0.050000 0.032813
0 0.978704 0.692708 0.042593 0.030208
0 0.406944 0.683333 0.058333 0.038542
0 0.329167 0.679167 0.056481 0.035417
0 0.812037 0.652083 0.066667 0.030208
0 0.925926 0.710156 0.042593 0.029687
