0 0.351389 0.641927 0.058333 0.047396
0 0.315278 0.736719 0.037963 0.033854
0 0.369444 0.741667 0.059259 0.040625
0 0.423611 0.677344 0.058333 0.034896
0 0.553704 0.741927 0.048148 0.033854
0 0.748611 0.684375 0.056481 0.030208
0 0.977315 0.641146 0.045370 0.028125
0 0.156944 0.734896 0.045370 0.035417
0 0.974537 0.614323 0.049074 0.034896
0 0.299537 0.659896 0.045370 0.036458
0 0.274074 0.724219 0.055556 0.034896
0 0.624537 0.744271 0.060185 0.033333
0 0.238889 0.673958 0.057407 0.038542
0 0.490741 0.739844 0.046296 0.038021
0 0.783796 0.727344 0.047222 0.033854
0 0.203704 0.731771 0.055556 0.034375
0 0.531944 0.711458 0.047222 0.037500
0 0.469907 0.712500 0.045370 0.035417
0 0.907407 0.753646 0.048148 0.033333
0 0.842593 0.699219 0.051852 0.034896
0 0.941667 0.730990 0.050000 0.033854
0 0.424537 0.710938 0.050926 0.033333
0 0.747222 0.752083 0.051852 0.030208
0 0.669907 0.744271 0.045370 0.027083
