0 0.528241 0.548177 0.028704 0.029687
0 0.235648 0.452604 0.032407 0.026042
0 0.186574 0.494271 0.030556 0.027083
0 0.643056 0.447917 0.043519 0.029167
0 0.550000 0.714063 0.037037 0.032292
0 0.145833 0.735938 0.043519 0.027083
0 0.143981 0.408854 0.034259 0.021875
0 0.189815 0.754948 0.029630 0.026562
0 0.192593 0.406771 0.033333 0.023958
0 0.444907 0.606510 0.036111 0.024479
0 0.887500 0.554688 0.039815 0.034375
0 0.645833 0.725260 0.049074 0.041146
0 0.177315 0.559375 0.047222 0.027083
0 0.691204 0.742188 0.043519 0.026042
0 0.717593 0.767448 0.050000 0.027604
0 0.663426 0.760417 0.037963 0.027083
