0 0.582407 0.455990 0.057407 0.031771
0 0.278704 0.704167 0.072222 0.038542
0 0.238426 0.744010 0.056481 0.034896
0 0.375000 0.627865 0.050000 0.030729
0 0.925000 0.454427 0.061111 0.041146
0 0.664352 0.739062 0.043519 0.034375
0 0.954167 0.565625 0.063889 0.027083
0 0.336574 0.738021 0.034259 0.037500
0 0.810648 0.793490 0.047222 0.033854
0 0.430556 0.697917 0.053704 0.031250
0 0.566667 0.600260 0.051852 0.031771
0 0.491204 0.690625 0.071296 0.039583
0 0.777315 0.716146 0.043519 0.033333
0 0.829167 0.763021 0.049074 0.032292
0 0.574537 0.769271 0.052778 0.029167
0 0.904167 0.767708 0.054630 0.031250
0 0.449074 0.769271 0.062963 0.036458
0 0.316204 0.505208 0.065741 0.031250
0 0.466204 0.657292 0.054630 0.033333
0 0.447222 0.541406 0.048148 0.030729
0 0.945833 0.685937 0.063889 0.036458
0 0.718056 0.702083 0.058333 0.038542
0 0.755556 0.783333 0.062963 0.026042
0 0.638426 0.778906 0.054630 0.029687
