0 0.263426 0.755469 0.036111 0.025521
0 0.454630 0.755990 0.037037 0.027604
0 0.685648 0.362240 0.028704 0.028646
0 0.531019 0.751042 0.043519 0.027083
0 0.375926 0.736979 0.033333 0.027083
0 0.199537 0.762240 0.045370 0.029687
0 0.141667 0.763281 0.048148 0.029687
0 0.436111 0.734896 0.035185 0.025000
0 0.725463 0.375260 0.037963 0.027604
0 0.180093 0.744792 0.041667 0.028125
0 0.744444 0.725260 0.031481 0.021354
0 0.733796 0.744271 0.036111 0.027083
0 0.783333 0.732292 0.035185 0.027083
0 0.722222 0.399219 0.044444 0.028646
0 0.742593 0.349219 0.042593 0.026562
0 0.400000 0.722135 0.038889 0.026562
