0 0.372685 0.744271 0.050926 0.032292
0 0.275463 0.736979 0.047222 0.030208
0 0.693981 0.761719 0.047222 0.028646
0 0.547222 0.760677 0.051852 0.035937
0 0.353241 0.699740 0.054630 0.027604
0 0.322222 0.715625 0.040741 0.027083
0 0.543981 0.734115 0.043519 0.025521
0 0.588426 0.740885 0.041667 0.023438
0 0.638426 0.761458 0.052778 0.033333
0 0.654630 0.735156 0.038889 0.024479
0 0.864352 0.767448 0.047222 0.030729
0 0.962500 0.784896 0.052778 0.032292
0 0.961574 0.690625 0.050926 0.026042
0 0.948611 0.714844 0.054630 0.028646
0 0.973611 0.746615 0.050926 0.028646
