0 0.928241 0.696094 0.037963 0.028646
0 0.337500 0.735677 0.045370 0.031771
0 0.228241 0.739583 0.032407 0.027083
0 0.662037 0.735156 0.042593 0.029687
0 0.944444 0.742708 0.042593 0.030208
0 0.291667 0.738542 0.040741 0.032292
0 0.795833 0.757292 0.037963 0.032292
0 0.375000 0.689583 0.037037 0.031250
0 0.660648 0.760938 0.039815 0.034375
0 0.694907 0.763542 0.034259 0.033333
0 0.780556 0.772656 0.040741 0.028646
0 0.839815 0.756771 0.040741 0.033333
0 0.935185 0.723698 0.042593 0.030729
0 0.426389 0.756771 0.050926 0.032292
0 0.593056 0.764844 0.043519 0.034896
0 0.727778 0.686458 0.042593 0.043750
0 0.736111 0.763542 0.050000 0.032292
0 0.900000 0.679688 0.048148 0.029167
0 0.400000 0.725000 0.053704 0.036458
0 0.603704 0.736458 0.042593 0.030208
0 0.956481 0.771094 0.035185 0.030729
0 0.877778 0.771354 0.046296 0.037500
0 0.978241 0.726302 0.037963 0.031771
0 0.837963 0.734896 0.044444 0.032292
0 0.474074 0.725781 0.044444 0.029687
0 0.513889 0.735417 0.042593 0.028125
0 0.562037 0.723958 0.046296 0.032292
0 0.497685 0.763021 0.032407 0.020833
0 0.563426 0.701562 0.030556 0.018750
