0 0.763889 0.685156 0.040741 0.027604
0 0.818519 0.573177 0.040741 0.029687
0 0.793056 0.598437 0.039815 0.031250
0 0.515278 0.526563 0.043519 0.033333
0 0.912037 0.699479 0.033333 0.028125
0 0.660185 0.745573 0.040741 0.031771
0 0.947222 0.707552 0.033333 0.027604
0 0.589815 0.739583 0.035185 0.029167
0 0.624074 0.742969 0.037037 0.030729
0 0.612037 0.717448 0.038889 0.033854
0 0.528704 0.496615 0.044444 0.029687
0 0.870370 0.705469 0.038889 0.032813
0 0.494444 0.702865 0.040741 0.032813
0 0.832407 0.747396 0.044444 0.033333
0 0.929167 0.667188 0.039815 0.028125
0 0.637500 0.449479 0.043519 0.028125
0 0.955556 0.750521 0.044444 0.026042
0 0.549537 0.748437 0.032407 0.031250
0 0.145833 0.682813 0.065741 0.033333
0 0.433796 0.612760 0.037963 0.031771
0 0.868519 0.658594 0.033333 0.024479
0 0.737500 0.721875 0.047222 0.029167
0 0.923148 0.735156 0.040741 0.024479
0 0.819444 0.534115 0.051852 0.030729
0 0.111111 0.703646 0.046296 0.031250
0 0.809259 0.725521 0.037037 0.031250
0 0.466667 0.606250 0.050000 0.028125
0 0.695833 0.529167 0.047222 0.040625
0 0.951852 0.563802 0.046296 0.029687
0 0.967130 0.727344 0.043519 0.025521
0 0.641667 0.707031 0.038889 0.026562
0 0.697685 0.509115 0.050926 0.023438
0 0.559259 0.716927 0.050000 0.036979
0 0.541204 0.605990 0.041667 0.028646
0 0.544444 0.645312 0.068519 0.037500
