0 0.878241 0.697396 0.039815 0.029167
0 0.837500 0.694792 0.041667 0.031250
0 0.568056 0.605729 0.039815 0.026042
0 0.242130 0.754948 0.047222 0.028646
0 0.781944 0.704948 0.050926 0.030729
0 0.805093 0.750260 0.039815 0.027604
0 0.949074 0.572396 0.031481 0.027083
0 0.843056 0.751302 0.034259 0.029687
0 0.834259 0.716927 0.042593 0.028646
0 0.692593 0.746094 0.044444 0.025521
0 0.893981 0.754167 0.037963 0.026042
0 0.265741 0.579688 0.033333 0.029167
0 0.938889 0.770573 0.044444 0.027604
0 0.821296 0.659896 0.038889 0.022917
0 0.813889 0.682031 0.037037 0.026562
0 0.548611 0.713021 0.050926 0.029167
0 0.504167 0.716146 0.039815 0.026042
0 0.896296 0.719010 0.037037 0.026562
0 0.951389 0.728125 0.041667 0.031250
0 0.658796 0.758854 0.049074 0.031250
0 0.899537 0.582031 0.039815 0.033854
0 0.565741 0.759115 0.048148 0.028646
0 0.218056 0.736979 0.043519 0.025000
0 0.590278 0.735156 0.041667 0.025521
0 0.463889 0.724740 0.042593 0.033854
0 0.618519 0.757812 0.042593 0.030208
0 0.655093 0.704167 0.045370 0.030208
0 0.762963 0.769531 0.044444 0.029687
0 0.231944 0.709896 0.039815 0.025000
0 0.948611 0.592969 0.034259 0.031771
0 0.979630 0.767969 0.040741 0.033854
0 0.706019 0.769010 0.041667 0.029687
0 0.963426 0.690885 0.032407 0.025521
0 0.611574 0.711719 0.050926 0.026562
