0 0.508796 0.766927 0.039815 0.023438
0 0.359259 0.783854 0.040741 0.028125
0 0.414815 0.813281 0.040741 0.027604
0 0.679630 0.794792 0.042593 0.032292
0 0.762037 0.786979 0.038889 0.029167
0 0.570370 0.806510 0.038889 0.031771
0 0.411111 0.669010 0.044444 0.028646
0 0.797685 0.773438 0.041667 0.027083
0 0.481944 0.740365 0.047222 0.030729
0 0.241204 0.733073 0.045370 0.031771
0 0.534259 0.742448 0.042593 0.029687
0 0.267130 0.761979 0.052778 0.029167
0 0.315278 0.771615 0.037963 0.025521
0 0.299074 0.739844 0.035185 0.026562
0 0.611574 0.792969 0.036111 0.031771
0 0.718981 0.786979 0.032407 0.027083
0 0.612037 0.759635 0.046296 0.031771
0 0.283796 0.816406 0.049074 0.029687
0 0.279167 0.790365 0.041667 0.029687
0 0.622685 0.669010 0.050926 0.033854
0 0.524074 0.806510 0.038889 0.031771
0 0.670370 0.752344 0.044444 0.028646
0 0.188426 0.560677 0.032407 0.024479
0 0.488426 0.789583 0.045370 0.029167
0 0.370833 0.810156 0.045370 0.029687
0 0.312500 0.510156 0.036111 0.026562
0 0.556019 0.776823 0.034259 0.025521
0 0.481944 0.675260 0.047222 0.029687
0 0.359722 0.539062 0.032407 0.025000
0 0.291667 0.561198 0.033333 0.022396
0 0.462500 0.766927 0.034259 0.030729
