0 0.645370 0.761458 0.042593 0.030208
0 0.781481 0.757552 0.046296 0.032813
0 0.581944 0.755729 0.045370 0.032292
0 0.667593 0.715885 0.046296 0.031771
0 0.620833 0.735417 0.045370 0.029167
0 0.448611 0.759896 0.062037 0.040625
0 0.573611 0.729688 0.041667 0.029167
0 0.838426 0.706771 0.047222 0.031250
0 0.530093 0.761458 0.047222 0.033333
0 0.524074 0.715625 0.042593 0.031250
0 0.317593 0.727344 0.051852 0.036979
0 0.456481 0.682813 0.059259 0.039583
0 0.562500 0.664583 0.062037 0.035417
0 0.727315 0.759375 0.047222 0.027083
0 0.793981 0.594010 0.062037 0.035937
0 0.583796 0.684115 0.045370 0.028646
0 0.350463 0.763021 0.049074 0.036458
0 0.893056 0.753906 0.052778 0.030729
0 0.374074 0.723177 0.055556 0.040104
0 0.660185 0.663281 0.061111 0.038021
0 0.513426 0.684115 0.049074 0.033854
0 0.854630 0.572656 0.042593 0.036979
0 0.912500 0.562760 0.039815 0.030729
0 0.693981 0.742969 0.039815 0.030729
0 0.492593 0.738281 0.066667 0.039062
0 0.292593 0.671354 0.055556 0.037500
0 0.877315 0.726042 0.049074 0.033333
0 0.631944 0.685677 0.052778 0.031771
0 0.791667 0.638021 0.055556 0.031250
0 0.618056 0.713281 0.049074 0.025521
0 0.752778 0.728385 0.062963 0.038021
0 0.900463 0.591667 0.056481 0.035417
0 0.331944 0.689323 0.054630 0.033854
0 0.789352 0.710938 0.050926 0.034375
0 0.462037 0.713021 0.048148 0.027083
