0 0.932870 0.740885 0.052778 0.030729
0 0.893519 0.719792 0.053704 0.031250
0 0.865741 0.760938 0.051852 0.034375
0 0.858796 0.626823 0.045370 0.030729
0 0.485185 0.744271 0.059259 0.036458
0 0.736111 0.527083 0.040741 0.023958
0 0.337963 0.611198 0.050000 0.035937
0 0.108796 0.621615 0.058333 0.033854
0 0.931019 0.766667 0.049074 0.032292
0 0.932870 0.666406 0.049074 0.030729
0 0.781481 0.761198 0.048148 0.030729
0 0.210185 0.740625 0.046296 0.029167
0 0.907870 0.691146 0.050926 0.035417
0 0.771296 0.728646 0.057407 0.030208
0 0.978704 0.744531 0.035185 0.032813
0 0.068981 0.601823 0.045370 0.030729
0 0.823148 0.592187 0.053704 0.034375
0 0.783333 0.702083 0.046296 0.037500
0 0.640741 0.610417 0.046296 0.031250
0 0.831481 0.741667 0.029630 0.025000
0 0.734259 0.748698 0.048148 0.033854
0 0.646296 0.753906 0.044444 0.032813
0 0.645833 0.656250 0.067593 0.032292
0 0.548148 0.747656 0.044444 0.027604
0 0.096296 0.557813 0.055556 0.034375
0 0.724074 0.612500 0.062963 0.039583
0 0.552778 0.638542 0.051852 0.035417
0 0.647222 0.580729 0.055556 0.032292
0 0.076389 0.730469 0.054630 0.034896
0 0.607870 0.594010 0.058333 0.035937
0 0.681481 0.628125 0.048148 0.029167
