0 0.542593 0.688021 0.057407 0.046875
0 0.870370 0.534896 0.046296 0.042708
0 0.368056 0.616667 0.039815 0.029167
0 0.962037 0.755990 0.055556 0.036979
0 0.895833 0.719010 0.056481 0.036979
0 0.852778 0.699740 0.057407 0.036979
0 0.733796 0.757552 0.056481 0.032813
0 0.268519 0.679948 0.055556 0.034896
0 0.756019 0.728906 0.062037 0.035937
0 0.580556 0.642448 0.057407 0.038021
0 0.768981 0.662240 0.054630 0.035937
0 0.752778 0.698958 0.062963 0.033333
0 0.933333 0.584115 0.061111 0.036979
0 0.970370 0.654167 0.040741 0.033333
0 0.882407 0.739583 0.057407 0.031250
0 0.980556 0.705990 0.037037 0.035937
0 0.806944 0.716146 0.052778 0.033333
