0 0.814352 0.622917 0.030556 0.023958
0 0.662037 0.651563 0.031481 0.022917
0 0.873611 0.689844 0.034259 0.028646
0 0.821759 0.645833 0.032407 0.023958
0 0.502315 0.689844 0.034259 0.021354
0 0.315278 0.678646 0.036111 0.021875
0 0.685648 0.681250 0.030556 0.021875
0 0.786111 0.676042 0.029630 0.019792
0 0.734259 0.674219 0.027778 0.019271
0 0.656481 0.674740 0.031481 0.017188
0 0.583333 0.689844 0.031481 0.021354
0 0.871296 0.646615 0.033333 0.024479
0 0.739815 0.695052 0.029630 0.021354
0 0.453704 0.687760 0.044444 0.024479
0 0.631019 0.684635 0.026852 0.019271
0 0.859722 0.662240 0.034259 0.025521
0 0.722222 0.637240 0.031481 0.023438
0 0.813426 0.690885 0.030556 0.023438
0 0.843056 0.681250 0.036111 0.022917
0 0.575463 0.659896 0.030556 0.020833
0 0.631019 0.654687 0.026852 0.020833
0 0.752315 0.628906 0.034259 0.026562
0 0.705556 0.694271 0.031481 0.021875
0 0.611574 0.669271 0.030556 0.020833
0 0.762500 0.651042 0.036111 0.027083
0 0.533796 0.669792 0.032407 0.023958
0 0.561111 0.679688 0.033333 0.016667
0 0.169444 0.655469 0.027778 0.020313
0 0.809259 0.665104 0.033333 0.018750
0 0.293981 0.685937 0.037963 0.020833
0 0.502778 0.669271 0.037037 0.026042
0 0.692130 0.643490 0.030556 0.020313
0 0.480093 0.677865 0.026852 0.016146
0 0.778241 0.690885 0.034259 0.019271
0 0.727315 0.655469 0.030556 0.017188
0 0.656944 0.691667 0.032407 0.019792
