0 0.181944 0.478646 0.023148 0.020833
0 0.715741 0.417708 0.025926 0.025000
0 0.876389 0.619531 0.030556 0.021354
0 0.163889 0.650521 0.029630 0.022917
0 0.795370 0.651563 0.033333 0.020833
0 0.161111 0.619271 0.027778 0.018750
0 0.533333 0.559375 0.024074 0.018750
0 0.482870 0.656510 0.036111 0.018229
0 0.541667 0.612500 0.029630 0.022917
0 0.479167 0.644531 0.034259 0.019271
0 0.428241 0.382292 0.032407 0.017708
0 0.598611 0.655990 0.036111 0.021354
0 0.246296 0.650000 0.024074 0.018750
0 0.401389 0.391927 0.030556 0.016146
