0 0.414815 0.644531 0.024074 0.016146
0 0.263426 0.625000 0.028704 0.018750
0 0.300463 0.656771 0.025000 0.016667
0 0.350463 0.641927 0.025000 0.019271
0 0.337963 0.574740 0.027778 0.019271
0 0.807407 0.569531 0.033333 0.021354
0 0.315741 0.644271 0.033333 0.017708
0 0.804167 0.548958 0.028704 0.017708
0 0.375463 0.674479 0.028704 0.021875
0 0.809722 0.608854 0.028704 0.020833
0 0.207407 0.619531 0.027778 0.018229
0 0.818981 0.660156 0.032407 0.018229
0 0.445833 0.594010 0.028704 0.018229
0 0.665278 0.663542 0.025000 0.015625
0 0.456944 0.511719 0.026852 0.018229
0 0.767593 0.641927 0.035185 0.015104
0 0.649537 0.683594 0.028704 0.019271
0 0.343981 0.683594 0.026852 0.019271
0 0.619444 0.678385 0.022222 0.016146
0 0.751852 0.677604 0.027778 0.018750
0 0.475926 0.667708 0.027778 0.018750
0 0.283796 0.604688 0.034259 0.019792
0 0.743981 0.627604 0.034259 0.019792
0 0.257407 0.652083 0.031481 0.021875
0 0.516667 0.684375 0.029630 0.018750
0 0.393056 0.645573 0.023148 0.016146
0 0.715278 0.680208 0.034259 0.019792
0 0.772685 0.597656 0.028704 0.017188
0 0.401389 0.667969 0.023148 0.018229
0 0.815741 0.676823 0.025926 0.019271
0 0.735185 0.602344 0.031481 0.017188
0 0.779167 0.627083 0.032407 0.019792
0 0.802778 0.686719 0.031481 0.019271
0 0.633333 0.517708 0.031481 0.018750
0 0.809259 0.629687 0.031481 0.021875
0 0.328704 0.661458 0.025926 0.020833
0 0.290278 0.669792 0.025000 0.012500
0 0.783796 0.657031 0.030556 0.015104
0 0.367593 0.651823 0.024074 0.014063
