0 0.452778 0.506510 0.040741 0.029687
0 0.245370 0.336458 0.022222 0.020833
0 0.875000 0.588542 0.044444 0.030208
0 0.663889 0.349219 0.040741 0.030729
0 0.961574 0.630208 0.052778 0.031250
0 0.603704 0.534635 0.042593 0.025521
0 0.662963 0.311979 0.042593 0.032292
0 0.243056 0.483333 0.054630 0.026042
0 0.313426 0.475781 0.054630 0.034896
0 0.800000 0.287240 0.053704 0.024479
0 0.631019 0.326823 0.041667 0.025521
0 0.627315 0.576302 0.052778 0.026562
0 0.628241 0.616667 0.056481 0.031250
0 0.814352 0.600781 0.056481 0.034896
0 0.919907 0.597135 0.041667 0.026562
0 0.881481 0.679167 0.044444 0.027083
0 0.983333 0.669531 0.033333 0.027604
0 0.931481 0.725260 0.061111 0.032813
