0 0.082870 0.648698 0.063889 0.045312
0 0.392130 0.677604 0.065741 0.045833
0 0.216204 0.667448 0.062037 0.035937
0 0.334722 0.688021 0.047222 0.048958
0 0.137037 0.666667 0.064815 0.047917
0 0.695833 0.740625 0.058333 0.035417
0 0.562037 0.684635 0.064815 0.043229
0 0.128704 0.760938 0.059259 0.039583
0 0.628241 0.468750 0.062037 0.042708
0 0.436574 0.750521 0.080556 0.041667
0 0.719907 0.492188 0.039815 0.033333
0 0.257870 0.728646 0.065741 0.038542
0 0.529167 0.660156 0.067593 0.036979
0 0.638426 0.752344 0.065741 0.035937
0 0.637037 0.716406 0.059259 0.035937
0 0.319907 0.721354 0.063889 0.037500
0 0.620370 0.679427 0.055556 0.038021
0 0.070833 0.752344 0.058333 0.040104
0 0.425926 0.713802 0.059259 0.044271
0 0.592130 0.641406 0.062037 0.032813
0 0.207870 0.623177 0.052778 0.034896
0 0.580093 0.742448 0.052778 0.031771
0 0.170833 0.580208 0.047222 0.029167
0 0.147685 0.612760 0.050926 0.029687
