0 0.656944 0.727344 0.049074 0.031771
0 0.095370 0.630469 0.040741 0.023438
0 0.650463 0.611979 0.043519 0.031250
0 0.117593 0.605729 0.062963 0.033333
0 0.288889 0.684115 0.059259 0.027604
0 0.162963 0.571615 0.050000 0.024479
0 0.112963 0.579427 0.048148 0.024479
0 0.908333 0.756510 0.064815 0.038021
0 0.880093 0.683594 0.056481 0.036979
0 0.143056 0.547396 0.043519 0.026042
0 0.497222 0.742708 0.061111 0.034375
0 0.592593 0.640365 0.053704 0.038021
0 0.104167 0.725521 0.062037 0.028125
0 0.799074 0.753906 0.055556 0.033854
0 0.908333 0.718490 0.053704 0.030729
0 0.637500 0.680208 0.067593 0.032292
0 0.622685 0.748958 0.052778 0.034375
0 0.104167 0.533333 0.049074 0.036458
0 0.574074 0.738542 0.053704 0.038542
0 0.401852 0.740885 0.059259 0.040104
0 0.706481 0.622917 0.057407 0.031250
0 0.675463 0.579948 0.043519 0.028646
0 0.696759 0.710677 0.050926 0.031771
0 0.090278 0.686719 0.058333 0.028646
0 0.163426 0.711979 0.050926 0.038542
0 0.824074 0.691667 0.057407 0.041667
0 0.084722 0.655469 0.052778 0.026562
0 0.253241 0.708333 0.050926 0.031250
0 0.261574 0.739844 0.050926 0.033854
0 0.325463 0.736719 0.049074 0.036979
0 0.363426 0.706510 0.052778 0.032813
