0 0.816667 0.591667 0.029630 0.017708
0 0.511111 0.612240 0.031481 0.022396
0 0.821759 0.515365 0.028704 0.021354
0 0.858333 0.604688 0.029630 0.020833
0 0.471759 0.552083 0.030556 0.021875
0 0.623148 0.476042 0.029630 0.018750
0 0.830093 0.632812 0.028704 0.012500
0 0.587037 0.644010 0.027778 0.019271
0 0.368981 0.640365 0.030556 0.019271
0 0.722222 0.536198 0.031481 0.021354
0 0.703704 0.649219 0.033333 0.020313
0 0.853704 0.580990 0.029630 0.023438
0 0.605556 0.523438 0.027778 0.017708
0 0.562500 0.549740 0.028704 0.016146
0 0.588889 0.513542 0.031481 0.018750
0 0.831019 0.544010 0.028704 0.015104
0 0.829630 0.618750 0.027778 0.015625
0 0.317593 0.554688 0.031481 0.018750
0 0.237037 0.525521 0.033333 0.019792
0 0.625000 0.646354 0.029630 0.020833
0 0.859722 0.624219 0.026852 0.014063
0 0.625000 0.622135 0.029630 0.017188
0 0.722685 0.634375 0.026852 0.017708
0 0.557407 0.566667 0.022222 0.015625
0 0.252315 0.477083 0.034259 0.021875
0 0.613426 0.536719 0.030556 0.016146
0 0.663889 0.645833 0.027778 0.018750
0 0.581481 0.569792 0.025926 0.016667
0 0.390278 0.559115 0.034259 0.021354
0 0.271296 0.613542 0.029630 0.020833
0 0.610648 0.577865 0.028704 0.023438
0 0.668981 0.630990 0.030556 0.019271
0 0.839352 0.530469 0.026852 0.017188
0 0.452315 0.535937 0.025000 0.022917
0 0.837500 0.559896 0.030556 0.016667
0 0.252778 0.578646 0.025926 0.017708
0 0.643056 0.635677 0.028704 0.019271
0 0.695370 0.630729 0.022222 0.015625
0 0.542593 0.579167 0.025926 0.016667
0 0.594907 0.546094 0.032407 0.017188
0 0.834259 0.648698 0.029630 0.017188
