0 0.256481 0.622135 0.024074 0.015104
0 0.512037 0.572135 0.025926 0.021354
0 0.359722 0.632552 0.032407 0.018229
0 0.160648 0.660937 0.023148 0.019792
0 0.604630 0.657552 0.027778 0.019271
0 0.184722 0.569271 0.023148 0.016667
0 0.716667 0.641406 0.027778 0.017188
0 0.197685 0.641927 0.023148 0.019271
0 0.243519 0.640365 0.020370 0.011979
0 0.367593 0.664844 0.031481 0.015104
0 0.309259 0.629167 0.029630 0.015625
0 0.652778 0.633073 0.029630 0.015104
0 0.451852 0.656250 0.025926 0.014583
0 0.220370 0.640625 0.024074 0.018750
0 0.328704 0.648177 0.027778 0.017188
0 0.342130 0.592187 0.032407 0.017708
0 0.333333 0.664323 0.024074 0.017188
0 0.770833 0.656250 0.032407 0.019792
0 0.194907 0.522396 0.023148 0.020833
0 0.224537 0.630729 0.026852 0.018750
0 0.502315 0.655990 0.025000 0.021354
0 0.288426 0.657292 0.032407 0.015625
0 0.182407 0.501823 0.018519 0.016146
0 0.534259 0.657292 0.022222 0.018750
0 0.266667 0.548438 0.024074 0.018750
0 0.180093 0.617708 0.021296 0.015625
0 0.311111 0.614062 0.025926 0.018750
0 0.189815 0.657031 0.022222 0.018229
0 0.841667 0.650781 0.027778 0.020313
0 0.822685 0.645833 0.026852 0.016667
0 0.538889 0.658854 0.027778 0.018750
0 0.345370 0.605729 0.033333 0.019792
0 0.478704 0.652604 0.027778 0.016667
0 0.559722 0.656771 0.026852 0.018750
0 0.354167 0.645312 0.030556 0.014583
0 0.637500 0.650521 0.021296 0.015625
0 0.268519 0.633073 0.027778 0.013021
0 0.246759 0.653385 0.025000 0.016146
0 0.305556 0.643490 0.022222 0.014063
0 0.356019 0.616927 0.025000 0.014063
0 0.665741 0.646875 0.025926 0.015625
0 0.388889 0.656771 0.022222 0.014583
0 0.416204 0.653906 0.026852 0.018229
0 0.415741 0.640885 0.025926 0.014063
0 0.390278 0.629687 0.032407 0.018750
0 0.404630 0.615885 0.025926 0.015104
0 0.435648 0.622396 0.026852 0.016667
0 0.454630 0.636198 0.031481 0.021354
0 0.483333 0.629948 0.027778 0.018229
