0 0.627778 0.545312 0.024074 0.020833
0 0.857407 0.507292 0.024074 0.019792
0 0.564352 0.507812 0.030556 0.020833
0 0.599537 0.408594 0.028704 0.020313
0 0.396296 0.525521 0.033333 0.020833
0 0.279167 0.559115 0.025000 0.016146
0 0.796296 0.452865 0.033333 0.017188
0 0.531481 0.662240 0.025926 0.019271
0 0.562500 0.660417 0.021296 0.017708
0 0.803241 0.466406 0.036111 0.018229
0 0.812963 0.429688 0.033333 0.018750
0 0.213889 0.627865 0.035185 0.021354
0 0.605093 0.557813 0.025000 0.019792
0 0.905093 0.668490 0.025000 0.020313
0 0.867130 0.490365 0.025000 0.018229
0 0.568519 0.463281 0.025926 0.015104
