0 0.164815 0.661198 0.027778 0.021354
0 0.739815 0.664062 0.029630 0.017708
0 0.182870 0.570052 0.036111 0.023438
0 0.348611 0.658073 0.026852 0.015104
0 0.832870 0.477604 0.026852 0.021875
0 0.550000 0.506771 0.035185 0.021875
0 0.184259 0.644792 0.031481 0.019792
0 0.678241 0.491927 0.026852 0.020313
0 0.821759 0.566927 0.028704 0.017188
0 0.562500 0.669531 0.032407 0.021354
0 0.610648 0.656250 0.034259 0.016667
0 0.299074 0.644531 0.031481 0.020313
0 0.797685 0.600781 0.032407 0.021354
0 0.816204 0.672396 0.025000 0.020833
0 0.644907 0.662500 0.030556 0.022917
0 0.492593 0.465365 0.035185 0.020313
0 0.828241 0.599740 0.025000 0.014063
0 0.204630 0.666927 0.033333 0.021354
0 0.668981 0.609635 0.037963 0.021354
0 0.532407 0.670573 0.029630 0.021354
0 0.846296 0.672135 0.031481 0.020313
0 0.850000 0.654948 0.031481 0.017188
0 0.300463 0.666406 0.034259 0.022396
0 0.665278 0.641146 0.034259 0.018750
0 0.818981 0.656250 0.030556 0.015625
0 0.712963 0.632292 0.031481 0.019792
0 0.417130 0.645052 0.030556 0.017188
0 0.358333 0.642708 0.033333 0.018750
0 0.849074 0.561198 0.027778 0.018229
0 0.835648 0.585417 0.026852 0.014583
0 0.632407 0.643229 0.027778 0.017708
0 0.693519 0.663281 0.031481 0.017188
0 0.665278 0.672917 0.032407 0.019792
0 0.702315 0.646094 0.032407 0.019271
0 0.318981 0.654948 0.028704 0.017188
0 0.407407 0.658073 0.029630 0.017188
0 0.502778 0.634896 0.033333 0.020833
0 0.851389 0.608854 0.030556 0.015625
0 0.853704 0.623958 0.031481 0.018750
0 0.851389 0.639323 0.025000 0.014063
0 0.824074 0.632552 0.027778 0.018229
0 0.611574 0.672917 0.028704 0.017708
0 0.335648 0.672135 0.026852 0.017188
