0 0.758796 0.600260 0.023148 0.017188
0 0.875463 0.644271 0.021296 0.016667
0 0.239815 0.412760 0.029630 0.020313
0 0.413889 0.621875 0.027778 0.019792
0 0.316667 0.625781 0.029630 0.019271
0 0.856944 0.659115 0.026852 0.018229
0 0.643056 0.541146 0.030556 0.019792
0 0.225463 0.455469 0.034259 0.022396
0 0.225463 0.622917 0.026852 0.021875
0 0.406944 0.550521 0.028704 0.025000
0 0.772685 0.438802 0.025000 0.020313
0 0.818981 0.631250 0.025000 0.017708
0 0.412963 0.637240 0.027778 0.019271
0 0.675463 0.644792 0.025000 0.018750
0 0.271759 0.448698 0.025000 0.020313
0 0.825000 0.662500 0.025926 0.020833
0 0.842593 0.543490 0.022222 0.019271
0 0.881481 0.408594 0.022222 0.019271
0 0.333333 0.618750 0.029630 0.018750
0 0.756481 0.446615 0.025926 0.017188
0 0.830093 0.645833 0.025000 0.018750
0 0.246296 0.453125 0.029630 0.018750
0 0.252778 0.406510 0.025926 0.018229
