0 0.397222 0.338281 0.040741 0.025521
0 0.274537 0.373177 0.030556 0.022396
0 0.262963 0.454427 0.031481 0.023438
0 0.475000 0.482292 0.038889 0.026042
0 0.373148 0.478385 0.033333 0.022396
0 0.357407 0.611719 0.033333 0.030729
0 0.796296 0.495052 0.037037 0.025521
0 0.263889 0.352083 0.027778 0.019792
0 0.644444 0.386198 0.027778 0.021354
0 0.318981 0.612760 0.034259 0.029687
0 0.234259 0.600000 0.038889 0.020833
0 0.579630 0.455729 0.033333 0.022917
0 0.864815 0.622917 0.037037 0.019792
0 0.282870 0.621615 0.039815 0.023438
0 0.362963 0.586979 0.033333 0.030208
0 0.766667 0.515365 0.040741 0.024479
0 0.795370 0.507031 0.033333 0.022396
