0 0.300463 0.671094 0.032407 0.024479
0 0.259722 0.571094 0.030556 0.024479
0 0.686111 0.679427 0.033333 0.022396
0 0.260185 0.666667 0.029630 0.018750
0 0.448611 0.675781 0.036111 0.024479
0 0.206019 0.570312 0.036111 0.023958
0 0.354630 0.628385 0.038889 0.022396
0 0.225000 0.599219 0.033333 0.017188
0 0.487963 0.669271 0.035185 0.020833
0 0.431481 0.629948 0.037037 0.021354
0 0.337500 0.661719 0.032407 0.015104
0 0.793981 0.669010 0.030556 0.023438
0 0.401389 0.604427 0.039815 0.022396
0 0.482407 0.639844 0.029630 0.021354
0 0.425463 0.652604 0.039815 0.022917
0 0.537963 0.629687 0.033333 0.023958
0 0.300463 0.584635 0.034259 0.019271
0 0.203704 0.677604 0.025926 0.019792
0 0.306019 0.648958 0.034259 0.020833
0 0.174537 0.673698 0.032407 0.022396
0 0.752315 0.651563 0.034259 0.021875
0 0.231944 0.679688 0.032407 0.018750
0 0.200000 0.580729 0.029630 0.020833
0 0.364352 0.651302 0.037963 0.023438
0 0.231944 0.554948 0.028704 0.022396
0 0.451852 0.646875 0.033333 0.016667
0 0.409259 0.675781 0.035185 0.024479
0 0.294444 0.633073 0.031481 0.019271
0 0.273611 0.650521 0.030556 0.017708
0 0.347685 0.678646 0.032407 0.023958
0 0.194907 0.653646 0.032407 0.015625
0 0.252778 0.590365 0.027778 0.016146
0 0.261574 0.607812 0.017593 0.014583
0 0.292593 0.604948 0.035185 0.019271
0 0.268519 0.622135 0.025926 0.018229
0 0.225000 0.616406 0.031481 0.019271
0 0.191667 0.618750 0.031481 0.015625
0 0.187037 0.636719 0.031481 0.017188
0 0.225463 0.633594 0.036111 0.019271
0 0.236574 0.653385 0.037963 0.018229
