0 0.607407 0.679948 0.027778 0.015104
0 0.567130 0.682813 0.026852 0.019792
0 0.789352 0.679167 0.025000 0.013542
0 0.569444 0.640885 0.031481 0.017188
0 0.589815 0.664062 0.029630 0.015625
0 0.518519 0.683594 0.024074 0.018229
0 0.358333 0.655990 0.025926 0.018229
0 0.795370 0.646615 0.037037 0.021354
0 0.816204 0.676562 0.032407 0.017708
0 0.690278 0.652083 0.028704 0.016667
0 0.418519 0.698177 0.025926 0.014063
0 0.216204 0.656250 0.030556 0.018750
0 0.653241 0.694271 0.032407 0.021875
0 0.615278 0.641667 0.026852 0.017708
0 0.374537 0.683854 0.025000 0.017708
0 0.397222 0.686719 0.029630 0.019271
0 0.845833 0.674479 0.028704 0.015625
0 0.225926 0.692708 0.027778 0.017708
0 0.238889 0.672396 0.029630 0.015625
0 0.542130 0.684375 0.025000 0.014583
0 0.267593 0.695312 0.031481 0.016667
0 0.231019 0.627604 0.034259 0.021875
0 0.330556 0.698958 0.022222 0.019792
0 0.498611 0.636198 0.028704 0.015104
0 0.178704 0.685417 0.033333 0.020833
0 0.348148 0.677083 0.025926 0.016667
0 0.612500 0.620052 0.026852 0.014063
0 0.504167 0.619271 0.026852 0.014583
0 0.765278 0.686458 0.028704 0.018750
0 0.328704 0.662500 0.027778 0.017708
0 0.530556 0.697656 0.027778 0.015104
0 0.203704 0.680729 0.029630 0.022917
0 0.809722 0.661979 0.028704 0.014583
0 0.252778 0.683073 0.033333 0.018229
0 0.300463 0.693750 0.028704 0.017708
0 0.582870 0.695052 0.025000 0.015104
0 0.608796 0.692187 0.023148 0.017708
0 0.770370 0.658594 0.031481 0.015104
0 0.846296 0.687760 0.027778 0.017188
0 0.816204 0.693229 0.034259 0.016667
