0 0.275926 0.662500 0.025926 0.017708
0 0.719444 0.660156 0.020370 0.014063
0 0.356944 0.647656 0.028704 0.020313
0 0.568981 0.671354 0.032407 0.017708
0 0.643056 0.665104 0.026852 0.021875
0 0.668519 0.657031 0.024074 0.021354
0 0.491204 0.621875 0.030556 0.021875
0 0.485648 0.645052 0.032407 0.020313
0 0.299537 0.600781 0.034259 0.021354
0 0.593056 0.627604 0.034259 0.020833
0 0.798611 0.646615 0.030556 0.018229
0 0.354167 0.593490 0.025000 0.016146
0 0.315278 0.570573 0.036111 0.019271
0 0.410185 0.565104 0.027778 0.016667
0 0.606481 0.650521 0.029630 0.019792
0 0.447222 0.666146 0.027778 0.020833
0 0.474537 0.605208 0.034259 0.020833
0 0.426852 0.591927 0.033333 0.018229
0 0.264352 0.633073 0.028704 0.020313
0 0.843981 0.605990 0.030556 0.020313
0 0.456019 0.625000 0.032407 0.020833
0 0.513426 0.669010 0.028704 0.020313
0 0.569444 0.576823 0.027778 0.021354
0 0.532407 0.654687 0.033333 0.020833
0 0.815741 0.674740 0.029630 0.017188
0 0.842593 0.665104 0.027778 0.020833
0 0.847685 0.664583 0.028704 0.016667
0 0.428241 0.622917 0.032407 0.019792
0 0.406019 0.547396 0.026852 0.022917
0 0.743056 0.658333 0.026852 0.014583
0 0.864352 0.632552 0.028704 0.018229
0 0.766204 0.665885 0.028704 0.015104
0 0.882870 0.647135 0.030556 0.019271
0 0.694444 0.659375 0.025926 0.015625
0 0.824537 0.650000 0.026852 0.016667
0 0.424537 0.649479 0.028704 0.019792
0 0.455093 0.642969 0.028704 0.019271
0 0.327315 0.644010 0.026852 0.017188
0 0.472685 0.660937 0.026852 0.015625
0 0.300463 0.587500 0.030556 0.017708
0 0.572222 0.652604 0.031481 0.017708
0 0.329167 0.596354 0.025000 0.016667
0 0.284722 0.614062 0.030556 0.015625
