0 0.514815 0.579688 0.033333 0.026042
0 0.331944 0.621875 0.032407 0.021875
0 0.375463 0.586719 0.036111 0.023438
0 0.196759 0.624219 0.034259 0.024479
0 0.144907 0.623698 0.034259 0.025521
0 0.605093 0.591667 0.030556 0.019792
0 0.141667 0.583594 0.029630 0.024479
0 0.718519 0.599479 0.033333 0.022917
0 0.687037 0.571875 0.033333 0.025000
0 0.235648 0.625000 0.037963 0.021875
0 0.798611 0.584115 0.036111 0.020313
0 0.780556 0.604688 0.035185 0.022917
0 0.666204 0.613021 0.032407 0.023958
0 0.784722 0.540625 0.028704 0.021875
0 0.314352 0.607812 0.032407 0.019792
0 0.271759 0.600521 0.030556 0.023958
0 0.175463 0.590104 0.037963 0.025000
0 0.445370 0.609115 0.027778 0.021354
0 0.458796 0.575781 0.034259 0.024479
0 0.411574 0.620833 0.034259 0.019792
0 0.706019 0.583073 0.034259 0.021354
0 0.238889 0.605729 0.035185 0.020833
0 0.523611 0.561458 0.032407 0.021875
0 0.366667 0.621615 0.033333 0.020313
0 0.376852 0.607031 0.035185 0.019271
0 0.812500 0.606250 0.036111 0.022917
0 0.589815 0.575521 0.033333 0.020833
0 0.477778 0.588021 0.031481 0.023958
0 0.753241 0.610156 0.037963 0.024479
0 0.286574 0.617969 0.030556 0.022396
0 0.178704 0.574219 0.033333 0.022396
0 0.410648 0.604688 0.026852 0.013542
0 0.474074 0.613542 0.029630 0.020833
0 0.499074 0.601823 0.025926 0.019271
0 0.530093 0.596094 0.028704 0.021354
0 0.512963 0.618229 0.033333 0.016667
0 0.546759 0.613802 0.025000 0.020313
0 0.579167 0.615625 0.036111 0.020833
0 0.575000 0.597135 0.022222 0.013021
