0 0.569444 0.640885 0.025926 0.020313
0 0.643056 0.694531 0.026852 0.018229
0 0.849537 0.701302 0.025000 0.016146
0 0.782870 0.702083 0.030556 0.017708
0 0.757407 0.709896 0.031481 0.019792
0 0.677778 0.706510 0.038889 0.025521
0 0.520370 0.636198 0.029630 0.020313
0 0.596296 0.700521 0.029630 0.020833
0 0.898611 0.703125 0.030556 0.019792
0 0.836111 0.713542 0.025926 0.016667
0 0.807870 0.713802 0.028704 0.017188
0 0.563889 0.686979 0.020370 0.013542
0 0.544907 0.680990 0.019444 0.013021
0 0.542130 0.705729 0.025000 0.017708
0 0.519907 0.676302 0.023148 0.017188
0 0.488426 0.691927 0.026852 0.014063
0 0.507870 0.704427 0.032407 0.018229
0 0.464352 0.703385 0.026852 0.017188
0 0.461574 0.677865 0.028704 0.017188
0 0.445833 0.691667 0.026852 0.014583
0 0.425463 0.700781 0.026852 0.014063
0 0.460185 0.659896 0.029630 0.020833
0 0.435185 0.652083 0.025926 0.016667
0 0.405093 0.665625 0.026852 0.016667
0 0.412500 0.683073 0.023148 0.017188
0 0.390278 0.678125 0.023148 0.013542
0 0.384259 0.698958 0.024074 0.015625
0 0.353241 0.693490 0.028704 0.020313
0 0.374537 0.665104 0.026852 0.019792
0 0.346296 0.676562 0.025926 0.011458
0 0.343519 0.664062 0.027778 0.013542
0 0.323611 0.654687 0.025000 0.015625
0 0.305093 0.638021 0.030556 0.018750
0 0.309722 0.668229 0.028704 0.016667
0 0.317130 0.682292 0.028704 0.014583
0 0.310648 0.699740 0.030556 0.013021
0 0.293056 0.689323 0.026852 0.017188
0 0.265278 0.689063 0.026852 0.015625
0 0.275000 0.677344 0.029630 0.016146
0 0.280093 0.661979 0.030556 0.016667
