0 0.376852 0.684896 0.027778 0.018750
0 0.334259 0.684115 0.029630 0.020313
0 0.734722 0.684375 0.032407 0.017708
0 0.393519 0.657031 0.027778 0.015104
0 0.280093 0.621354 0.028704 0.019792
0 0.612500 0.666667 0.019444 0.012500
0 0.322222 0.666406 0.027778 0.017188
0 0.613426 0.682292 0.021296 0.014583
0 0.154167 0.680990 0.025000 0.014063
0 0.468056 0.688802 0.023148 0.016146
0 0.452778 0.668750 0.024074 0.015625
0 0.273611 0.671875 0.030556 0.016667
0 0.215278 0.663281 0.023148 0.016146
0 0.555556 0.669792 0.024074 0.016667
0 0.685185 0.677083 0.025926 0.015625
0 0.781944 0.677083 0.028704 0.015625
0 0.763889 0.610677 0.027778 0.016146
0 0.792130 0.639583 0.025000 0.017708
0 0.618056 0.623437 0.025000 0.019792
0 0.130093 0.683073 0.026852 0.016146
0 0.506481 0.680469 0.022222 0.019271
0 0.187963 0.683333 0.024074 0.014583
0 0.208333 0.614583 0.027778 0.017708
0 0.193519 0.666406 0.027778 0.014063
0 0.260185 0.639323 0.022222 0.017188
0 0.770833 0.550521 0.023148 0.017708
0 0.445833 0.685156 0.025000 0.014063
0 0.509722 0.669010 0.021296 0.017188
0 0.636111 0.555469 0.031481 0.022396
0 0.636111 0.688802 0.022222 0.011979
0 0.767593 0.665104 0.025926 0.013542
0 0.635648 0.675781 0.021296 0.014063
0 0.791204 0.661979 0.023148 0.017708
0 0.418056 0.614062 0.021296 0.016667
0 0.212500 0.692187 0.023148 0.017708
0 0.117593 0.632552 0.024074 0.014063
0 0.117130 0.645312 0.025000 0.011458
0 0.124074 0.656771 0.024074 0.013542
0 0.150926 0.649219 0.025926 0.013021
0 0.151852 0.634375 0.024074 0.013542
0 0.159722 0.694531 0.026852 0.016146
0 0.414352 0.663021 0.025000 0.012500
0 0.397222 0.673177 0.025926 0.015104
0 0.591204 0.689844 0.023148 0.013021
0 0.576389 0.680729 0.019444 0.014583
0 0.528704 0.676823 0.022222 0.015104
0 0.538889 0.689323 0.022222 0.015104
0 0.297222 0.656250 0.020370 0.012500
