0 0.339352 0.620052 0.026852 0.019271
0 0.385185 0.477083 0.025926 0.014583
0 0.586574 0.524740 0.030556 0.021354
0 0.602778 0.496094 0.027778 0.019271
0 0.850000 0.642188 0.025926 0.015625
0 0.395370 0.572135 0.025926 0.018229
0 0.526852 0.402083 0.025926 0.013542
0 0.469444 0.410677 0.024074 0.013021
0 0.271759 0.583333 0.026852 0.019792
0 0.238426 0.454167 0.028704 0.017708
0 0.438889 0.471875 0.031481 0.019792
0 0.871296 0.632812 0.031481 0.016667
0 0.547222 0.403906 0.022222 0.014063
0 0.585648 0.389583 0.023148 0.012500
0 0.418981 0.597656 0.026852 0.021354
0 0.323148 0.600000 0.027778 0.016667
0 0.304167 0.426042 0.034259 0.026042
0 0.438889 0.395313 0.025926 0.016667
0 0.505093 0.415365 0.023148 0.015104
0 0.273611 0.483333 0.021296 0.014583
0 0.829630 0.511719 0.025926 0.019271
0 0.400000 0.466667 0.029630 0.012500
0 0.637037 0.580469 0.031481 0.024479
0 0.887500 0.647135 0.026852 0.013021
0 0.242130 0.434375 0.023148 0.011458
0 0.316667 0.478125 0.024074 0.014583
0 0.444907 0.408073 0.032407 0.017188
0 0.601852 0.513542 0.029630 0.018750
0 0.295370 0.479427 0.022222 0.016146
0 0.400463 0.586458 0.021296 0.017708
0 0.252778 0.445052 0.027778 0.013021
0 0.425926 0.602865 0.025926 0.018229
0 0.418519 0.436719 0.027778 0.013021
0 0.443981 0.435677 0.026852 0.013021
