0 0.701852 0.658594 0.024074 0.016146
0 0.784722 0.661979 0.028704 0.022917
0 0.819907 0.644271 0.030556 0.020833
0 0.293981 0.645573 0.030556 0.021354
0 0.358796 0.677083 0.030556 0.022917
0 0.800463 0.682292 0.030556 0.017708
0 0.688426 0.682813 0.028704 0.015625
0 0.821296 0.670312 0.029630 0.021875
0 0.757407 0.670312 0.033333 0.018750
0 0.158333 0.678906 0.031481 0.019271
0 0.422222 0.633594 0.035185 0.020313
0 0.880556 0.679948 0.024074 0.014063
0 0.658333 0.643229 0.027778 0.017708
0 0.902778 0.642708 0.035185 0.021875
0 0.374537 0.658333 0.032407 0.020833
0 0.215741 0.620833 0.035185 0.019792
0 0.744907 0.654687 0.026852 0.018750
0 0.298611 0.670833 0.028704 0.019792
0 0.195370 0.635417 0.031481 0.015625
0 0.645833 0.661458 0.026852 0.015625
0 0.175000 0.616146 0.031481 0.019792
0 0.321296 0.669010 0.033333 0.020313
0 0.612500 0.651563 0.026852 0.020833
0 0.654167 0.618750 0.021296 0.017708
0 0.676389 0.663802 0.023148 0.018229
0 0.275463 0.660417 0.032407 0.016667
0 0.388426 0.672656 0.023148 0.017188
0 0.409722 0.683333 0.025000 0.017708
0 0.432870 0.673177 0.026852 0.019271
0 0.501852 0.684115 0.037037 0.021354
0 0.484259 0.661458 0.031481 0.015625
0 0.495833 0.644531 0.034259 0.020313
0 0.520370 0.653646 0.031481 0.017708
0 0.725926 0.670312 0.024074 0.015625
0 0.756481 0.686719 0.025926 0.015104
0 0.865278 0.667708 0.019444 0.013542
