0 0.436574 0.494271 0.037963 0.037500
0 0.186111 0.315104 0.037037 0.026042
0 0.493981 0.617448 0.047222 0.030729
0 0.428704 0.351302 0.035185 0.024479
0 0.512963 0.642969 0.038889 0.030729
0 0.282407 0.484115 0.044444 0.027604
0 0.937963 0.508594 0.035185 0.026562
0 0.303241 0.561979 0.047222 0.033333
0 0.618981 0.432552 0.036111 0.033854
0 0.663889 0.433854 0.040741 0.032292
0 0.946759 0.636719 0.037963 0.030729
0 0.473611 0.593490 0.039815 0.033854
0 0.399537 0.641667 0.049074 0.029167
0 0.600000 0.600260 0.042593 0.031771
0 0.667130 0.622656 0.056481 0.038021
0 0.398611 0.666406 0.047222 0.027604
0 0.813426 0.637240 0.062037 0.039062
0 0.563426 0.623698 0.047222 0.032813
0 0.618519 0.684635 0.035185 0.028646
0 0.189815 0.646354 0.035185 0.031250
0 0.983333 0.644271 0.029630 0.030208
0 0.632407 0.566667 0.038889 0.030208
0 0.553704 0.654167 0.040741 0.031250
0 0.687500 0.674479 0.047222 0.033333
0 0.542130 0.332813 0.052778 0.034375
0 0.425463 0.696875 0.063889 0.029167
