0 0.664352 0.602865 0.032407 0.022396
0 0.586574 0.566927 0.030556 0.016146
0 0.373611 0.621094 0.023148 0.020313
0 0.277315 0.610677 0.030556 0.021354
0 0.271759 0.550781 0.034259 0.018229
0 0.267593 0.659635 0.033333 0.019271
0 0.627778 0.611979 0.037037 0.020833
0 0.413426 0.642969 0.026852 0.020313
0 0.317130 0.482552 0.028704 0.019271
0 0.507407 0.641146 0.022222 0.018750
0 0.299074 0.641927 0.025926 0.020313
0 0.725463 0.583073 0.026852 0.015104
0 0.219907 0.642188 0.028704 0.019792
0 0.587037 0.532031 0.033333 0.021354
0 0.475926 0.585938 0.029630 0.017708
0 0.322685 0.659115 0.026852 0.019271
0 0.419907 0.657552 0.028704 0.017188
0 0.428704 0.557813 0.029630 0.014583
0 0.530556 0.529687 0.027778 0.015625
0 0.250926 0.564583 0.029630 0.016667
0 0.670833 0.576823 0.036111 0.020313
0 0.555093 0.593229 0.034259 0.020833
0 0.209722 0.658594 0.030556 0.020313
0 0.490278 0.649479 0.023148 0.019792
0 0.787037 0.529427 0.027778 0.015104
0 0.377778 0.607552 0.025926 0.019271
0 0.786574 0.579427 0.025000 0.015104
0 0.284259 0.520833 0.033333 0.019792
0 0.237500 0.617969 0.028704 0.018229
0 0.522685 0.654948 0.023148 0.019271
0 0.588426 0.582031 0.034259 0.019271
0 0.172685 0.615365 0.028704 0.020313
0 0.554167 0.536458 0.028704 0.018750
0 0.202315 0.400260 0.025000 0.017188
0 0.491667 0.596615 0.024074 0.014063
0 0.779630 0.627865 0.029630 0.015104
0 0.803704 0.639062 0.027778 0.016667
0 0.793056 0.654687 0.032407 0.018750
0 0.767593 0.654687 0.024074 0.017708
