0 0.487037 0.587500 0.025926 0.018750
0 0.630093 0.554167 0.026852 0.017708
0 0.892130 0.623177 0.030556 0.016146
0 0.720833 0.686198 0.032407 0.020313
0 0.877315 0.489323 0.026852 0.016146
0 0.398148 0.599219 0.029630 0.017188
0 0.355093 0.592187 0.034259 0.019792
0 0.237037 0.552865 0.031481 0.018229
0 0.656481 0.745833 0.035185 0.020833
0 0.342593 0.518229 0.029630 0.020833
0 0.885185 0.656510 0.031481 0.019271
0 0.700463 0.544010 0.023148 0.017188
0 0.799537 0.748437 0.025000 0.019792
0 0.661111 0.566406 0.031481 0.019271
0 0.896296 0.604948 0.025926 0.015104
0 0.359259 0.731250 0.027778 0.016667
0 0.707407 0.737760 0.025926 0.017188
0 0.886574 0.533333 0.025000 0.016667
0 0.222222 0.563021 0.027778 0.017708
0 0.879630 0.568750 0.027778 0.015625
0 0.888426 0.553906 0.023148 0.014063
0 0.263426 0.613281 0.028704 0.016146
0 0.846296 0.669531 0.031481 0.020313
0 0.884259 0.512240 0.027778 0.017188
0 0.437037 0.610938 0.031481 0.017708
0 0.246759 0.622656 0.036111 0.020313
0 0.693981 0.659115 0.028704 0.018229
0 0.772222 0.745313 0.025926 0.019792
0 0.895370 0.590885 0.024074 0.013021
0 0.473148 0.608333 0.031481 0.015625
0 0.900926 0.637500 0.029630 0.017708
0 0.845833 0.732292 0.030556 0.016667
0 0.879167 0.741667 0.025000 0.014583
0 0.909259 0.744010 0.029630 0.017188
0 0.873148 0.717187 0.024074 0.015625
0 0.876852 0.703646 0.024074 0.014583
0 0.903241 0.690625 0.026852 0.018750
0 0.910185 0.707292 0.031481 0.018750
0 0.904167 0.723437 0.030556 0.016667
