0 0.411574 0.645833 0.030556 0.022917
0 0.434722 0.621094 0.034259 0.020313
0 0.875926 0.667188 0.031481 0.023958
0 0.587037 0.658594 0.033333 0.020313
0 0.350000 0.607031 0.029630 0.019271
0 0.511574 0.682552 0.025000 0.017188
0 0.765741 0.685417 0.033333 0.022917
0 0.574074 0.627865 0.029630 0.019271
0 0.842130 0.680990 0.026852 0.020313
0 0.448148 0.669271 0.033333 0.018750
0 0.763889 0.598698 0.033333 0.024479
0 0.508796 0.667708 0.028704 0.015625
0 0.582870 0.683594 0.028704 0.013021
0 0.871759 0.689583 0.030556 0.025000
0 0.399074 0.616406 0.029630 0.017188
0 0.273611 0.633854 0.026852 0.019792
0 0.325000 0.625260 0.024074 0.019271
0 0.731481 0.691927 0.027778 0.017188
0 0.556481 0.675260 0.029630 0.019271
0 0.815741 0.687500 0.025926 0.020833
0 0.536574 0.691406 0.028704 0.016146
0 0.642593 0.658073 0.025926 0.016146
0 0.651389 0.672917 0.026852 0.017708
0 0.676389 0.679427 0.025000 0.019271
0 0.483333 0.677344 0.029630 0.017188
0 0.438889 0.685156 0.029630 0.014063
0 0.418981 0.672396 0.028704 0.016667
0 0.396296 0.685417 0.027778 0.016667
0 0.340741 0.657552 0.027778 0.014063
0 0.364815 0.671094 0.029630 0.016146
0 0.357407 0.685156 0.024074 0.014063
0 0.325000 0.678906 0.029630 0.017188
0 0.297222 0.676302 0.025926 0.015104
0 0.260648 0.667448 0.032407 0.016146
0 0.237037 0.673177 0.024074 0.015104
0 0.258333 0.682292 0.029630 0.015625
0 0.216667 0.682292 0.020370 0.012500
