0 0.201389 0.664323 0.025000 0.020313
0 0.436111 0.662500 0.024074 0.014583
0 0.339815 0.668750 0.031481 0.022917
0 0.379167 0.573958 0.028704 0.018750
0 0.530556 0.572917 0.031481 0.019792
0 0.296759 0.663542 0.026852 0.015625
0 0.796759 0.591927 0.028704 0.018229
0 0.282870 0.626302 0.030556 0.018229
0 0.295833 0.641927 0.026852 0.018229
0 0.743519 0.588802 0.029630 0.019271
0 0.313426 0.492188 0.030556 0.016667
0 0.448148 0.628906 0.029630 0.019271
0 0.503241 0.513542 0.028704 0.018750
0 0.822222 0.600781 0.024074 0.016146
0 0.494907 0.614844 0.030556 0.019271
0 0.328241 0.649740 0.028704 0.021354
0 0.464352 0.640625 0.030556 0.020833
0 0.462500 0.595313 0.028704 0.016667
0 0.287963 0.569010 0.029630 0.018229
0 0.675463 0.532292 0.032407 0.017708
0 0.795370 0.539583 0.025926 0.015625
0 0.778241 0.550260 0.026852 0.014063
0 0.821296 0.549219 0.029630 0.015104
0 0.820370 0.563281 0.027778 0.015104
0 0.847222 0.568229 0.029630 0.014583
0 0.851852 0.601042 0.027778 0.017708
0 0.842593 0.617969 0.027778 0.015104
0 0.860185 0.629948 0.027778 0.015104
0 0.861574 0.650521 0.026852 0.014583
0 0.850463 0.663542 0.034259 0.016667
0 0.826389 0.652865 0.025000 0.014063
0 0.842593 0.642708 0.020370 0.014583
0 0.821759 0.629687 0.032407 0.018750
0 0.793056 0.623437 0.032407 0.017708
0 0.799074 0.653646 0.029630 0.019792
0 0.770833 0.657031 0.028704 0.018229
0 0.750926 0.644531 0.029630 0.018229
0 0.712500 0.646354 0.028704 0.016667
0 0.649074 0.662760 0.031481 0.016146
0 0.399074 0.613802 0.025926 0.016146
0 0.406019 0.627604 0.026852 0.014583
0 0.370833 0.622396 0.026852 0.017708
