0 0.182870 0.648958 0.025000 0.020833
0 0.741667 0.561198 0.035185 0.022396
0 0.628241 0.521094 0.030556 0.018229
0 0.633796 0.603646 0.028704 0.022917
0 0.485185 0.522656 0.025926 0.020313
0 0.686574 0.574740 0.034259 0.022396
0 0.810185 0.535417 0.031481 0.025000
0 0.266667 0.646615 0.031481 0.020313
0 0.566204 0.619010 0.030556 0.018229
0 0.596296 0.635938 0.029630 0.016667
0 0.569907 0.647917 0.026852 0.016667
0 0.598611 0.655990 0.030556 0.017188
0 0.540741 0.645052 0.027778 0.017188
0 0.547685 0.659896 0.026852 0.014583
0 0.522685 0.662500 0.028704 0.016667
0 0.524537 0.622396 0.032407 0.017708
0 0.506944 0.634115 0.026852 0.018229
0 0.497685 0.649479 0.028704 0.015625
0 0.477778 0.658333 0.025926 0.013542
0 0.474537 0.583594 0.032407 0.020313
0 0.479167 0.599479 0.032407 0.018750
0 0.438889 0.602344 0.033333 0.019271
0 0.468519 0.618750 0.031481 0.016667
0 0.430556 0.629427 0.025926 0.016146
0 0.451852 0.643490 0.040741 0.020313
0 0.425000 0.660677 0.035185 0.018229
0 0.386111 0.657552 0.025926 0.015104
0 0.340741 0.660677 0.029630 0.019271
0 0.750000 0.658594 0.035185 0.019271
0 0.770370 0.650260 0.025926 0.017188
0 0.792130 0.663021 0.030556 0.018750
0 0.874537 0.638542 0.034259 0.017708
0 0.891667 0.656510 0.027778 0.016146
0 0.917593 0.656250 0.029630 0.018750
0 0.944444 0.652604 0.029630 0.016667
0 0.919907 0.640625 0.030556 0.015625
0 0.896759 0.630208 0.026852 0.015625
0 0.945370 0.636979 0.035185 0.015625
0 0.936574 0.596615 0.034259 0.018229
