0 0.261574 0.701823 0.036111 0.022396
0 0.164352 0.508594 0.026852 0.019271
0 0.889352 0.639844 0.032407 0.018229
0 0.475000 0.695312 0.029630 0.018750
0 0.425926 0.656510 0.027778 0.021354
0 0.337037 0.432292 0.029630 0.019792
0 0.684722 0.700260 0.032407 0.021354
0 0.893519 0.675781 0.029630 0.016146
0 0.838426 0.409115 0.028704 0.020313
0 0.630093 0.505990 0.030556 0.022396
0 0.396759 0.703646 0.030556 0.021875
0 0.274074 0.494271 0.037037 0.019792
0 0.635185 0.554167 0.024074 0.023958
0 0.618519 0.434115 0.038889 0.024479
0 0.847685 0.438281 0.025000 0.020313
0 0.164815 0.692448 0.027778 0.026562
0 0.233333 0.521875 0.037037 0.020833
0 0.704630 0.711198 0.031481 0.018229
0 0.850926 0.689063 0.031481 0.018750
0 0.880093 0.688542 0.026852 0.017708
