0 0.239815 0.685156 0.029630 0.021354
0 0.588426 0.514844 0.025000 0.017188
0 0.486574 0.552865 0.023148 0.017188
0 0.180093 0.555208 0.025000 0.019792
0 0.705093 0.678385 0.026852 0.017188
0 0.314815 0.529948 0.027778 0.021354
0 0.340278 0.567708 0.026852 0.021875
0 0.599537 0.548698 0.026852 0.019271
0 0.547685 0.663542 0.023148 0.014583
0 0.666667 0.575781 0.029630 0.018229
0 0.545833 0.607031 0.023148 0.014063
0 0.631481 0.561198 0.025926 0.019271
0 0.805093 0.663281 0.023148 0.018229
0 0.410185 0.589063 0.029630 0.017708
0 0.381019 0.679948 0.030556 0.020313
0 0.584259 0.680208 0.027778 0.017708
0 0.660185 0.660677 0.027778 0.019271
0 0.758333 0.657031 0.027778 0.018229
0 0.681019 0.638281 0.028704 0.017188
0 0.848148 0.674219 0.031481 0.017188
0 0.300926 0.673177 0.024074 0.017188
0 0.459722 0.674479 0.030556 0.017708
0 0.406019 0.685677 0.028704 0.016146
0 0.537500 0.620573 0.030556 0.015104
0 0.566667 0.674219 0.022222 0.015104
0 0.436574 0.564583 0.032407 0.016667
0 0.565278 0.577604 0.028704 0.018750
0 0.689352 0.596094 0.028704 0.019271
0 0.599074 0.563021 0.029630 0.017708
0 0.817593 0.676302 0.024074 0.018229
0 0.552778 0.592708 0.029630 0.017708
0 0.356019 0.579688 0.028704 0.019792
0 0.414352 0.574219 0.030556 0.019271
0 0.246296 0.602083 0.025926 0.015625
0 0.210185 0.615625 0.029630 0.014583
0 0.194444 0.627083 0.029630 0.014583
0 0.256481 0.625521 0.029630 0.015625
0 0.177778 0.654167 0.029630 0.014583
0 0.186111 0.668750 0.031481 0.018750
0 0.234722 0.659635 0.030556 0.016146
0 0.268981 0.648438 0.026852 0.015625
0 0.312500 0.654687 0.032407 0.015625
0 0.364352 0.634375 0.030556 0.016667
0 0.348611 0.650781 0.030556 0.013021
0 0.345833 0.667969 0.030556 0.014063
0 0.384259 0.656771 0.027778 0.015625
0 0.660185 0.591927 0.029630 0.017188
