0 0.526852 0.667448 0.024074 0.020313
0 0.257870 0.679688 0.025000 0.019792
0 0.837963 0.522656 0.022222 0.019271
0 0.797222 0.645833 0.029630 0.020833
0 0.262500 0.458854 0.026852 0.018750
0 0.568056 0.659375 0.025000 0.016667
0 0.510185 0.495312 0.025926 0.018750
0 0.716204 0.469271 0.037963 0.018750
0 0.474074 0.486198 0.029630 0.019271
0 0.746296 0.591667 0.027778 0.016667
0 0.485185 0.517708 0.027778 0.018750
0 0.734259 0.533073 0.025926 0.019271
0 0.722222 0.522917 0.025926 0.018750
0 0.456944 0.482292 0.030556 0.017708
