0 0.544907 0.645052 0.028704 0.022396
0 0.245370 0.609635 0.029630 0.021354
0 0.183796 0.585156 0.030556 0.018229
0 0.246759 0.660937 0.028704 0.020833
0 0.236111 0.425521 0.031481 0.019792
0 0.438889 0.663281 0.029630 0.019271
0 0.523148 0.658594 0.027778 0.019271
0 0.208796 0.447917 0.023148 0.020833
0 0.218056 0.665104 0.032407 0.020833
0 0.348148 0.630990 0.027778 0.021354
0 0.289815 0.503906 0.033333 0.018229
0 0.400926 0.673698 0.025926 0.022396
0 0.341204 0.584375 0.030556 0.020833
0 0.175000 0.674219 0.029630 0.022396
0 0.206481 0.634896 0.031481 0.018750
0 0.457870 0.675000 0.028704 0.019792
0 0.269907 0.665365 0.032407 0.018229
0 0.859259 0.656510 0.031481 0.015104
0 0.873611 0.670312 0.030556 0.015625
0 0.826852 0.669531 0.031481 0.019271
0 0.623611 0.505469 0.030556 0.018229
0 0.653704 0.544010 0.031481 0.018229
0 0.687500 0.576042 0.030556 0.016667
0 0.737963 0.636979 0.029630 0.018750
0 0.750926 0.649740 0.029630 0.016146
0 0.776389 0.656771 0.023148 0.016667
0 0.771759 0.671354 0.034259 0.017708
0 0.728241 0.671094 0.036111 0.017188
0 0.685648 0.670052 0.028704 0.019271
0 0.655556 0.665625 0.029630 0.017708
0 0.629630 0.642188 0.037037 0.022917
0 0.496759 0.581771 0.030556 0.019792
0 0.465278 0.563542 0.028704 0.016667
0 0.467593 0.579427 0.027778 0.020313
0 0.441204 0.581250 0.032407 0.018750
0 0.455556 0.600521 0.035185 0.018750
0 0.172222 0.563281 0.027778 0.014063
0 0.201852 0.570312 0.040741 0.017708
0 0.213426 0.557552 0.026852 0.011979
