0 0.286111 0.516667 0.035185 0.019792
0 0.307407 0.445312 0.029630 0.017708
0 0.495370 0.501563 0.033333 0.020833
0 0.903241 0.503646 0.030556 0.016667
0 0.851852 0.510156 0.027778 0.016146
0 0.933796 0.637760 0.034259 0.020313
0 0.902778 0.632031 0.031481 0.021354
0 0.871759 0.630208 0.026852 0.019792
0 0.700926 0.566406 0.035185 0.019271
0 0.678704 0.552604 0.027778 0.018750
0 0.728241 0.609635 0.028704 0.019271
0 0.748611 0.639062 0.034259 0.019792
0 0.722222 0.630729 0.022222 0.015625
0 0.687500 0.606510 0.028704 0.016146
0 0.696296 0.633854 0.037037 0.018750
0 0.667130 0.644271 0.032407 0.018750
0 0.628704 0.635417 0.033333 0.017708
0 0.609722 0.617448 0.036111 0.020313
0 0.593519 0.571094 0.033333 0.021354
0 0.545370 0.547135 0.025926 0.016146
0 0.532870 0.581510 0.034259 0.020313
0 0.554167 0.598437 0.028704 0.016667
0 0.581481 0.626823 0.033333 0.019271
0 0.593519 0.644271 0.044444 0.022917
0 0.555556 0.635677 0.035185 0.023438
0 0.538426 0.651823 0.032407 0.019271
0 0.518519 0.634375 0.033333 0.021875
0 0.506944 0.652865 0.030556 0.017188
0 0.513889 0.615885 0.031481 0.018229
0 0.509722 0.592448 0.032407 0.020313
0 0.463889 0.619531 0.037037 0.018229
0 0.454167 0.639583 0.032407 0.018750
0 0.466204 0.653646 0.036111 0.020833
0 0.430093 0.636979 0.032407 0.019792
0 0.402778 0.646354 0.029630 0.017708
0 0.387963 0.623958 0.033333 0.017708
0 0.362963 0.644010 0.038889 0.019271
0 0.309259 0.569531 0.040741 0.024479
0 0.329630 0.611458 0.033333 0.018750
0 0.297685 0.611458 0.032407 0.017708
0 0.275000 0.617708 0.035185 0.018750
0 0.289815 0.641146 0.029630 0.015625
0 0.235648 0.606250 0.037963 0.019792
0 0.224537 0.635677 0.034259 0.019271
0 0.243056 0.647917 0.030556 0.014583
0 0.216204 0.658854 0.028704 0.020833
0 0.197685 0.639583 0.028704 0.018750
