0 0.334259 0.507292 0.029630 0.020833
0 0.430093 0.470833 0.026852 0.019792
0 0.354630 0.447135 0.024074 0.018229
0 0.916204 0.716406 0.026852 0.017188
0 0.565741 0.488281 0.031481 0.018229
0 0.885648 0.709635 0.032407 0.018229
0 0.224074 0.597917 0.025926 0.018750
0 0.646296 0.689063 0.037037 0.026042
0 0.755093 0.699219 0.026852 0.019271
0 0.911111 0.664323 0.024074 0.013021
0 0.895833 0.529167 0.023148 0.014583
0 0.451852 0.547917 0.029630 0.017708
0 0.431944 0.629687 0.032407 0.018750
0 0.447685 0.573698 0.030556 0.021354
0 0.654630 0.475000 0.035185 0.021875
0 0.870370 0.515625 0.027778 0.017708
0 0.411574 0.642188 0.026852 0.017708
0 0.525926 0.482292 0.025926 0.016667
0 0.897685 0.676042 0.023148 0.013542
0 0.866667 0.720833 0.027778 0.017708
0 0.785185 0.706771 0.022222 0.023958
0 0.336574 0.454948 0.025000 0.016146
0 0.898611 0.694010 0.025000 0.011979
0 0.312500 0.446875 0.026852 0.017708
0 0.429167 0.651563 0.034259 0.017708
