0 0.260185 0.430208 0.037037 0.022917
0 0.185185 0.534375 0.031481 0.020833
0 0.320833 0.630469 0.034259 0.019271
0 0.220370 0.609115 0.033333 0.018229
0 0.335185 0.571094 0.037037 0.021354
0 0.168519 0.626563 0.029630 0.016667
0 0.312963 0.517708 0.035185 0.017708
0 0.176852 0.645312 0.031481 0.018750
0 0.693056 0.608594 0.030556 0.019271
0 0.246759 0.641406 0.034259 0.020313
0 0.213889 0.633073 0.029630 0.017188
0 0.306481 0.543490 0.037037 0.022396
0 0.852778 0.524479 0.029630 0.019792
0 0.820370 0.539583 0.033333 0.019792
0 0.845833 0.541927 0.032407 0.019271
0 0.840278 0.567187 0.037963 0.020833
0 0.830093 0.607552 0.032407 0.017188
0 0.845370 0.624479 0.027778 0.016667
0 0.858333 0.646354 0.033333 0.016667
0 0.815278 0.627344 0.032407 0.019271
0 0.787963 0.635938 0.031481 0.019792
0 0.743981 0.620052 0.028704 0.016146
0 0.762500 0.642969 0.032407 0.019271
0 0.728241 0.642708 0.034259 0.019792
0 0.633333 0.615104 0.029630 0.017708
0 0.603241 0.585677 0.032407 0.018229
0 0.592130 0.607292 0.036111 0.016667
0 0.584722 0.624219 0.037963 0.020313
0 0.549074 0.614844 0.027778 0.016146
0 0.575000 0.647656 0.037037 0.017188
0 0.519444 0.648177 0.031481 0.016146
0 0.533333 0.576302 0.037037 0.017188
0 0.532407 0.589323 0.048148 0.018229
0 0.514815 0.604167 0.033333 0.015625
0 0.496296 0.616667 0.031481 0.017708
0 0.469444 0.599740 0.035185 0.017188
0 0.450000 0.583854 0.033333 0.020833
0 0.473148 0.572135 0.037037 0.018229
0 0.415278 0.610417 0.032407 0.017708
0 0.434259 0.646354 0.038889 0.019792
