0 0.549537 0.712760 0.025000 0.025521
0 0.243056 0.588021 0.032407 0.023958
0 0.575000 0.629948 0.031481 0.019271
0 0.184722 0.641927 0.030556 0.019271
0 0.547222 0.616146 0.024074 0.016667
0 0.788889 0.691667 0.029630 0.020833
0 0.183796 0.575000 0.023148 0.021875
0 0.815278 0.621615 0.032407 0.019271
0 0.525000 0.703906 0.025926 0.020313
0 0.283796 0.525521 0.026852 0.018750
0 0.531944 0.579427 0.030556 0.017188
0 0.758796 0.695833 0.026852 0.017708
0 0.816667 0.645573 0.029630 0.013021
0 0.786574 0.651823 0.025000 0.017188
0 0.814815 0.661979 0.031481 0.023958
0 0.756944 0.718750 0.032407 0.017708
0 0.729630 0.715104 0.027778 0.015625
0 0.696759 0.720052 0.032407 0.016146
0 0.648611 0.716406 0.032407 0.016146
0 0.656481 0.701562 0.029630 0.016667
0 0.671296 0.684896 0.029630 0.018750
0 0.642593 0.683854 0.031481 0.015625
0 0.488889 0.711198 0.025926 0.015104
0 0.460648 0.711198 0.028704 0.018229
0 0.445833 0.694271 0.026852 0.017708
0 0.432870 0.713802 0.028704 0.018229
0 0.412500 0.692187 0.028704 0.016667
0 0.411574 0.673177 0.030556 0.015104
0 0.386111 0.691146 0.029630 0.018750
0 0.396296 0.709115 0.031481 0.016146
0 0.346296 0.708333 0.029630 0.018750
0 0.347222 0.684896 0.027778 0.015625
0 0.319907 0.689844 0.032407 0.017188
0 0.313889 0.704688 0.029630 0.017708
0 0.275926 0.690885 0.027778 0.017188
0 0.256481 0.700521 0.024074 0.014583
0 0.237500 0.695833 0.021296 0.013542
0 0.248611 0.671615 0.030556 0.017188
0 0.222222 0.684896 0.029630 0.017708
0 0.206019 0.697656 0.030556 0.016146
0 0.177778 0.703906 0.033333 0.017188
