0 0.567130 0.388542 0.021296 0.020833
0 0.602778 0.602604 0.050000 0.034375
0 0.281944 0.408854 0.023148 0.019792
0 0.716204 0.409635 0.039815 0.027604
0 0.451389 0.515625 0.039815 0.025000
0 0.581944 0.572135 0.037963 0.032813
0 0.822685 0.247396 0.034259 0.020833
0 0.678704 0.597917 0.037037 0.028125
0 0.566204 0.706250 0.036111 0.016667
0 0.874537 0.635938 0.043519 0.028125
0 0.915278 0.632552 0.039815 0.028646
0 0.587500 0.684115 0.043519 0.028646
0 0.578704 0.309635 0.014815 0.018229
0 0.458333 0.567187 0.033333 0.025000
0 0.713426 0.591927 0.036111 0.029687
0 0.600926 0.704688 0.037037 0.030208
0 0.311111 0.619010 0.048148 0.036979
