0 0.551389 0.608854 0.050926 0.028125
0 0.316204 0.752865 0.058333 0.030729
0 0.834259 0.599479 0.033333 0.029167
0 0.785648 0.731771 0.056481 0.035417
0 0.963426 0.665365 0.058333 0.035937
0 0.373611 0.554948 0.037963 0.024479
0 0.778241 0.702344 0.062037 0.034896
0 0.311574 0.434635 0.054630 0.031771
0 0.531019 0.579948 0.049074 0.029687
0 0.551389 0.711719 0.050926 0.031771
0 0.580093 0.350781 0.062037 0.034896
0 0.551389 0.405729 0.054630 0.029167
0 0.944907 0.777865 0.052778 0.033854
0 0.826852 0.757552 0.059259 0.031771
0 0.758333 0.775000 0.055556 0.030208
0 0.806019 0.789844 0.049074 0.027604
0 0.686111 0.783333 0.050000 0.033333
0 0.647222 0.757031 0.061111 0.036979
0 0.679167 0.729688 0.047222 0.027083
0 0.660185 0.700521 0.057407 0.030208
0 0.606481 0.698958 0.057407 0.033333
0 0.336111 0.703646 0.057407 0.035417
0 0.545833 0.670573 0.058333 0.031771
0 0.519907 0.641667 0.056481 0.029167
