0 0.144444 0.543490 0.029630 0.025521
0 0.515278 0.685937 0.028704 0.019792
0 0.383796 0.684115 0.023148 0.015104
0 0.451389 0.571354 0.028704 0.021875
0 0.497222 0.584115 0.031481 0.018229
0 0.257407 0.669010 0.031481 0.021354
0 0.391667 0.641146 0.031481 0.022917
0 0.354630 0.628646 0.033333 0.023958
0 0.324537 0.609635 0.025000 0.023438
0 0.204167 0.619271 0.028704 0.016667
0 0.200000 0.637240 0.027778 0.020313
0 0.426852 0.609375 0.027778 0.023958
0 0.250926 0.687240 0.037037 0.019271
0 0.283796 0.682813 0.028704 0.018750
0 0.619907 0.675260 0.026852 0.021354
0 0.556944 0.678125 0.030556 0.022917
0 0.442593 0.685417 0.029630 0.019792
0 0.521296 0.660937 0.027778 0.018750
0 0.593056 0.670833 0.032407 0.016667
0 0.170833 0.684115 0.037963 0.025521
0 0.465278 0.675521 0.026852 0.017708
0 0.483796 0.569010 0.030556 0.017188
0 0.422222 0.675000 0.031481 0.020833
0 0.175463 0.654687 0.030556 0.019792
0 0.366204 0.655729 0.034259 0.016667
0 0.137500 0.664323 0.025000 0.013021
0 0.202778 0.675000 0.033333 0.016667
0 0.493519 0.673438 0.024074 0.018750
0 0.595370 0.686979 0.033333 0.017708
0 0.862500 0.641146 0.034259 0.018750
0 0.890278 0.651823 0.028704 0.015104
0 0.716204 0.642448 0.034259 0.019271
0 0.703241 0.657031 0.026852 0.015104
0 0.717130 0.673698 0.025000 0.014063
0 0.733333 0.685417 0.033333 0.018750
0 0.757870 0.668490 0.028704 0.016146
0 0.766667 0.683854 0.037037 0.020833
0 0.811574 0.686719 0.030556 0.017188
0 0.797685 0.645573 0.034259 0.019271
0 0.847685 0.669531 0.032407 0.018229
0 0.882407 0.669792 0.031481 0.017708
0 0.875000 0.685417 0.035185 0.019792
