0 0.739815 0.360677 0.025926 0.014063
0 0.147222 0.443229 0.027778 0.015625
0 0.852778 0.511979 0.027778 0.015625
0 0.410648 0.430469 0.028704 0.019271
0 0.659722 0.639844 0.025000 0.016146
0 0.237037 0.625000 0.029630 0.016667
0 0.300926 0.625781 0.024074 0.017188
0 0.486111 0.443229 0.031481 0.017708
0 0.449537 0.617448 0.021296 0.016146
0 0.382407 0.448698 0.025926 0.020313
0 0.848148 0.430469 0.031481 0.017188
0 0.445370 0.512240 0.031481 0.020313
0 0.200926 0.615885 0.024074 0.018229
0 0.326852 0.529427 0.029630 0.018229
0 0.467130 0.634896 0.025000 0.017708
0 0.151389 0.608594 0.026852 0.020313
0 0.183796 0.607292 0.021296 0.015625
0 0.446759 0.478906 0.030556 0.020313
