0 0.818519 0.561979 0.025926 0.014583
0 0.815278 0.663542 0.023148 0.013542
0 0.478241 0.687760 0.021296 0.014063
0 0.375000 0.556510 0.031481 0.017188
0 0.801852 0.547396 0.018519 0.010417
0 0.375463 0.535156 0.026852 0.019271
0 0.668056 0.550781 0.021296 0.011979
0 0.741667 0.529948 0.029630 0.019271
0 0.700000 0.678646 0.022222 0.012500
0 0.534722 0.511198 0.023148 0.013021
0 0.240741 0.532292 0.024074 0.016667
0 0.446296 0.607552 0.024074 0.019271
0 0.710648 0.695052 0.021296 0.011979
0 0.627778 0.681250 0.018519 0.015625
0 0.793056 0.660156 0.025000 0.019271
0 0.484722 0.550781 0.025000 0.017188
0 0.328704 0.676562 0.025926 0.018750
0 0.648611 0.687760 0.025000 0.014063
0 0.586111 0.578646 0.020370 0.011458
0 0.725926 0.672396 0.020370 0.013542
0 0.652315 0.590365 0.025000 0.014063
0 0.824074 0.693750 0.027778 0.015625
0 0.636574 0.620313 0.026852 0.021875
0 0.760648 0.695573 0.026852 0.015104
0 0.758796 0.677865 0.030556 0.017188
0 0.343519 0.631250 0.024074 0.013542
0 0.474537 0.548177 0.025000 0.017188
0 0.385185 0.642188 0.022222 0.015625
0 0.346759 0.646094 0.021296 0.011979
0 0.287500 0.533333 0.025000 0.013542
0 0.425926 0.590365 0.024074 0.018229
0 0.385185 0.598698 0.029630 0.019271
0 0.677315 0.680990 0.017593 0.009896
0 0.307870 0.669010 0.023148 0.013021
0 0.382870 0.573177 0.025000 0.014063
0 0.568056 0.566406 0.023148 0.013021
0 0.556944 0.590365 0.021296 0.011979
0 0.530556 0.580729 0.018519 0.010417
0 0.529630 0.594271 0.020370 0.011458
0 0.518981 0.605990 0.025000 0.014063
