0 0.181481 0.490104 0.027778 0.020833
0 0.413889 0.580469 0.027778 0.015104
0 0.567130 0.467448 0.025000 0.020313
0 0.410185 0.549479 0.020370 0.019792
0 0.428241 0.527865 0.023148 0.019271
0 0.208333 0.475260 0.024074 0.014063
0 0.600926 0.575781 0.029630 0.016146
0 0.632870 0.501042 0.026852 0.015625
0 0.497222 0.570052 0.025926 0.015104
0 0.629167 0.567187 0.028704 0.016667
0 0.137963 0.544010 0.025926 0.018229
0 0.364815 0.563021 0.025926 0.014583
0 0.218519 0.555990 0.027778 0.016146
0 0.359722 0.541406 0.025000 0.019271
0 0.517593 0.503385 0.025926 0.015104
0 0.471759 0.457813 0.023148 0.017708
0 0.476852 0.473177 0.024074 0.019271
0 0.825926 0.546615 0.024074 0.014063
0 0.215278 0.573698 0.028704 0.016146
0 0.531481 0.577344 0.025926 0.015104
0 0.385185 0.578906 0.027778 0.015104
0 0.323611 0.552083 0.025000 0.013542
0 0.325926 0.532292 0.025926 0.014583
0 0.269444 0.564583 0.025926 0.014583
0 0.585648 0.558854 0.023148 0.013542
0 0.663426 0.578906 0.023148 0.017188
0 0.152315 0.573177 0.025000 0.021354
0 0.555556 0.439063 0.022222 0.018750
0 0.435648 0.571615 0.023148 0.013021
0 0.190278 0.570573 0.026852 0.017188
0 0.371759 0.550260 0.021296 0.016146
0 0.806019 0.533594 0.025000 0.014063
0 0.395370 0.551302 0.018519 0.016146
0 0.827315 0.563802 0.021296 0.011979
0 0.834722 0.579427 0.025000 0.014063
0 0.807407 0.573958 0.018519 0.010417
0 0.786111 0.558854 0.025926 0.014583
0 0.781019 0.573698 0.025000 0.014063
0 0.732407 0.574479 0.025926 0.014583
0 0.188426 0.474219 0.023148 0.013021
0 0.270833 0.576302 0.025000 0.014063
0 0.359259 0.575000 0.027778 0.015625
0 0.456019 0.568490 0.019444 0.010937
0 0.443519 0.580729 0.018519 0.010417
0 0.479630 0.510938 0.022222 0.012500
0 0.634722 0.578906 0.023148 0.013021
