0 0.740741 0.502604 0.025926 0.016667
0 0.683796 0.406771 0.021296 0.016667
0 0.256481 0.489063 0.022222 0.019792
0 0.562500 0.491667 0.023148 0.018750
0 0.878241 0.434635 0.025000 0.018229
0 0.358333 0.412500 0.018519 0.016667
0 0.816204 0.513021 0.023148 0.017708
0 0.893981 0.693229 0.023148 0.013542
0 0.224074 0.414583 0.025926 0.020833
0 0.565278 0.545052 0.025000 0.015104
0 0.474537 0.474740 0.021296 0.016146
0 0.375926 0.645312 0.027778 0.016667
0 0.335185 0.407031 0.024074 0.017188
0 0.830093 0.459635 0.025000 0.020313
0 0.311574 0.643750 0.026852 0.016667
0 0.811574 0.535937 0.023148 0.018750
0 0.920833 0.649479 0.019444 0.010417
0 0.369907 0.661719 0.026852 0.017188
0 0.632407 0.429688 0.020370 0.016667
0 0.789352 0.427083 0.023148 0.016667
0 0.881944 0.457031 0.023148 0.017188
0 0.463426 0.406250 0.021296 0.016667
0 0.916667 0.624479 0.024074 0.013542
0 0.901852 0.615104 0.024074 0.013542
