0 0.162963 0.589583 0.025926 0.017708
0 0.893519 0.375260 0.020370 0.015104
0 0.205556 0.434115 0.020370 0.018229
0 0.874537 0.662240 0.019444 0.015104
0 0.314815 0.532552 0.018519 0.015104
0 0.887500 0.414323 0.025000 0.014063
0 0.179167 0.619531 0.025000 0.019271
0 0.468056 0.623177 0.023148 0.013021
0 0.483796 0.569010 0.021296 0.015104
0 0.448148 0.435417 0.018519 0.014583
0 0.566667 0.457813 0.025926 0.015625
0 0.378241 0.593490 0.023148 0.016146
0 0.722685 0.455990 0.019444 0.014063
0 0.859259 0.428385 0.020370 0.015104
0 0.917130 0.429167 0.023148 0.012500
0 0.408796 0.405469 0.021296 0.011979
0 0.503704 0.588281 0.020370 0.015104
0 0.220833 0.482031 0.017593 0.015104
0 0.717130 0.669010 0.028704 0.017188
0 0.431019 0.501823 0.023148 0.013021
0 0.168056 0.539844 0.023148 0.017188
0 0.610648 0.445312 0.021296 0.014583
0 0.742130 0.532031 0.025000 0.014063
0 0.507870 0.634635 0.021296 0.015104
0 0.396296 0.524219 0.027778 0.015104
0 0.883333 0.458854 0.020370 0.011458
0 0.587500 0.539323 0.026852 0.015104
0 0.635648 0.370833 0.015741 0.016667
0 0.636111 0.663281 0.022222 0.015104
0 0.552778 0.469271 0.022222 0.015625
0 0.617593 0.539583 0.024074 0.013542
0 0.788889 0.514844 0.025926 0.014063
0 0.806481 0.668750 0.022222 0.015625
0 0.512037 0.481510 0.020370 0.015104
0 0.896759 0.396094 0.021296 0.011979
0 0.914815 0.403646 0.022222 0.012500
0 0.436111 0.515104 0.022222 0.012500
0 0.337500 0.384635 0.019444 0.010937
0 0.318519 0.392708 0.020370 0.011458
0 0.355556 0.394792 0.018519 0.010417
0 0.362500 0.403906 0.023148 0.013021
0 0.348148 0.407292 0.018519 0.010417
