0 0.472222 0.551042 0.020370 0.016667
0 0.299074 0.564583 0.024074 0.013542
0 0.239815 0.611719 0.024074 0.014063
0 0.334259 0.451042 0.022222 0.016667
0 0.739815 0.573958 0.024074 0.013542
0 0.156481 0.486719 0.020370 0.016146
0 0.832407 0.575000 0.029630 0.016667
0 0.564352 0.445312 0.021296 0.016667
0 0.166204 0.599479 0.019444 0.011458
0 0.142130 0.542708 0.019444 0.014583
0 0.485648 0.598958 0.017593 0.010417
0 0.264352 0.586979 0.021296 0.016667
0 0.908333 0.583594 0.024074 0.014063
0 0.371296 0.613542 0.024074 0.015625
0 0.570833 0.541667 0.023148 0.016667
0 0.620370 0.601042 0.024074 0.017708
0 0.769907 0.597656 0.025000 0.014063
0 0.291204 0.612760 0.026852 0.020313
0 0.546759 0.607292 0.023148 0.012500
0 0.570833 0.606510 0.019444 0.014063
0 0.409722 0.472135 0.023148 0.016146
0 0.594907 0.603906 0.021296 0.013021
0 0.175463 0.565104 0.025000 0.015625
0 0.379630 0.436719 0.020370 0.014063
0 0.260648 0.473698 0.026852 0.015104
0 0.886574 0.590885 0.026852 0.015104
0 0.737963 0.457813 0.025926 0.014583
0 0.151389 0.610677 0.023148 0.013021
0 0.444444 0.505469 0.022222 0.017188
0 0.201852 0.489583 0.024074 0.013542
0 0.164352 0.620573 0.019444 0.010937
0 0.535648 0.448437 0.025000 0.014583
0 0.217130 0.464062 0.025000 0.012500
0 0.482407 0.611458 0.020370 0.011458
0 0.520833 0.598437 0.028704 0.015625
0 0.460185 0.591146 0.022222 0.017708
0 0.143981 0.596094 0.021296 0.011979
0 0.433333 0.467969 0.020370 0.014063
0 0.240741 0.501042 0.020370 0.011458
0 0.361574 0.465365 0.019444 0.010937
0 0.387500 0.452865 0.023148 0.013021
0 0.697222 0.498958 0.024074 0.013542
0 0.510185 0.446354 0.022222 0.012500
0 0.364352 0.451302 0.021296 0.011979
