0 0.436111 0.586719 0.029630 0.017188
0 0.474537 0.564583 0.032407 0.018750
0 0.126852 0.523698 0.031481 0.020313
0 0.437500 0.606771 0.028704 0.016667
0 0.328241 0.523177 0.030556 0.017188
0 0.362037 0.498958 0.024074 0.013542
0 0.404167 0.608854 0.032407 0.018750
0 0.404630 0.564583 0.029630 0.016667
0 0.306481 0.549219 0.025926 0.014063
0 0.347685 0.536198 0.026852 0.015104
0 0.367593 0.535417 0.022222 0.012500
0 0.399074 0.626042 0.031481 0.017708
0 0.423148 0.618750 0.024074 0.013542
0 0.443981 0.627344 0.026852 0.015104
0 0.481481 0.627083 0.027778 0.015625
0 0.513889 0.627083 0.024074 0.013542
0 0.822222 0.506250 0.025926 0.014583
0 0.802778 0.512500 0.025926 0.014583
0 0.784722 0.519531 0.021296 0.011979
0 0.788426 0.543490 0.023148 0.013021
0 0.793056 0.555990 0.026852 0.015104
0 0.821296 0.572396 0.025926 0.014583
0 0.795833 0.573698 0.025000 0.014063
0 0.775463 0.582031 0.021296 0.011979
0 0.760648 0.588281 0.028704 0.016146
0 0.718981 0.546615 0.023148 0.013021
0 0.823611 0.606510 0.025000 0.014063
0 0.798148 0.614062 0.027778 0.015625
0 0.782407 0.600000 0.022222 0.012500
0 0.816667 0.628125 0.031481 0.017708
0 0.786111 0.632292 0.027778 0.015625
0 0.734722 0.629427 0.023148 0.013021
0 0.762037 0.609375 0.027778 0.015625
0 0.735185 0.593750 0.029630 0.016667
0 0.729167 0.611719 0.028704 0.016146
0 0.712500 0.591927 0.021296 0.011979
0 0.688426 0.608073 0.030556 0.017188
0 0.680556 0.631771 0.031481 0.017708
0 0.646296 0.629687 0.029630 0.016667
0 0.664352 0.604427 0.030556 0.017188
0 0.625000 0.597917 0.027778 0.015625
0 0.631944 0.614844 0.026852 0.015104
0 0.621296 0.631771 0.025926 0.014583
0 0.596759 0.626823 0.030556 0.017188
0 0.567130 0.631510 0.026852 0.015104
