0 0.525000 0.456510 0.025926 0.015104
0 0.754630 0.684375 0.029630 0.016667
0 0.458796 0.435156 0.025000 0.014063
0 0.159722 0.566927 0.030556 0.016146
0 0.204630 0.549219 0.024074 0.017188
0 0.509259 0.415104 0.022222 0.012500
0 0.253704 0.436979 0.027778 0.017708
0 0.472222 0.516667 0.022222 0.016667
0 0.314815 0.501563 0.025926 0.017708
0 0.247685 0.520573 0.021296 0.019271
0 0.736111 0.482552 0.024074 0.014063
0 0.367130 0.709635 0.025000 0.014063
0 0.213426 0.457552 0.026852 0.018229
0 0.599537 0.490104 0.025000 0.018750
0 0.522685 0.428125 0.025000 0.014583
0 0.699537 0.616406 0.030556 0.017188
0 0.300926 0.673177 0.027778 0.016146
0 0.176389 0.583333 0.028704 0.018750
0 0.243981 0.678646 0.023148 0.016667
0 0.178241 0.616406 0.025000 0.016146
0 0.592130 0.477865 0.025000 0.019271
0 0.313889 0.659896 0.022222 0.015625
0 0.481944 0.528646 0.021296 0.015625
0 0.712963 0.467708 0.029630 0.016667
0 0.472222 0.530729 0.018519 0.014583
0 0.484722 0.515365 0.021296 0.017188
0 0.387500 0.712760 0.023148 0.013021
0 0.507870 0.716406 0.026852 0.015104
0 0.529167 0.715885 0.021296 0.011979
0 0.548611 0.709115 0.023148 0.013021
0 0.557407 0.695833 0.025926 0.014583
0 0.572222 0.707292 0.022222 0.012500
