0 0.832407 0.626823 0.029630 0.016146
0 0.895370 0.626302 0.042593 0.024479
0 0.726852 0.626042 0.033333 0.018750
0 0.476852 0.493490 0.027778 0.020313
0 0.764352 0.624219 0.034259 0.023438
0 0.742593 0.590885 0.027778 0.016146
0 0.744444 0.407031 0.033333 0.021354
0 0.637963 0.636979 0.027778 0.022917
0 0.859259 0.636719 0.031481 0.017188
0 0.434259 0.478385 0.024074 0.017188
0 0.693056 0.622917 0.034259 0.018750
0 0.642593 0.623177 0.027778 0.020313
0 0.791204 0.639844 0.032407 0.018229
0 0.809259 0.537240 0.025926 0.023438
0 0.670833 0.454948 0.034259 0.019271
0 0.774074 0.513021 0.035185 0.019792
0 0.707407 0.638542 0.029630 0.016667
0 0.747685 0.636719 0.032407 0.018229
0 0.565278 0.612240 0.032407 0.018229
0 0.567130 0.638802 0.032407 0.018229
0 0.506944 0.637240 0.034259 0.019271
0 0.528241 0.605469 0.034259 0.019271
0 0.507870 0.590365 0.034259 0.019271
0 0.480093 0.546094 0.034259 0.019271
0 0.466667 0.561458 0.033333 0.018750
0 0.449074 0.575521 0.035185 0.019792
0 0.454167 0.592448 0.034259 0.019271
0 0.481019 0.623698 0.030556 0.017188
0 0.475463 0.638802 0.030556 0.017188
0 0.449074 0.634896 0.033333 0.018750
0 0.412500 0.609115 0.032407 0.018229
0 0.404167 0.629427 0.030556 0.017188
0 0.369444 0.636979 0.031481 0.017708
0 0.372222 0.620313 0.031481 0.017708
0 0.350463 0.590365 0.026852 0.015104
0 0.339815 0.608854 0.031481 0.017708
0 0.308796 0.615365 0.030556 0.017188
0 0.331019 0.632031 0.039815 0.022396
0 0.281019 0.634635 0.032407 0.018229
0 0.243056 0.633594 0.028704 0.016146
0 0.262037 0.619792 0.027778 0.015625
0 0.249537 0.604948 0.030556 0.017188
0 0.236111 0.558854 0.031481 0.017708
0 0.197685 0.542448 0.028704 0.016146
0 0.159259 0.575521 0.033333 0.018750
0 0.164815 0.611979 0.027778 0.015625
0 0.189815 0.619271 0.035185 0.019792
