0 0.875000 0.409115 0.020370 0.015104
0 0.412500 0.685937 0.028704 0.021875
0 0.582407 0.456771 0.027778 0.020833
0 0.545370 0.716146 0.025926 0.019792
0 0.893056 0.632031 0.028704 0.026562
0 0.856019 0.488281 0.025000 0.018229
0 0.919444 0.643750 0.031481 0.023958
0 0.591667 0.656771 0.031481 0.019792
0 0.544907 0.524740 0.025000 0.019271
0 0.300926 0.612240 0.037037 0.020313
0 0.811574 0.716406 0.028704 0.020313
0 0.446759 0.423958 0.023148 0.017708
0 0.521759 0.700521 0.025000 0.018750
0 0.485185 0.477604 0.031481 0.021875
0 0.662500 0.655469 0.030556 0.022396
0 0.841667 0.708333 0.031481 0.023958
0 0.277315 0.515885 0.030556 0.022396
0 0.416667 0.553125 0.029630 0.017708
0 0.637963 0.681250 0.025926 0.019792
0 0.362037 0.436198 0.020370 0.020313
0 0.441204 0.630990 0.026852 0.018229
0 0.360185 0.490885 0.020370 0.014063
0 0.616667 0.708333 0.027778 0.020833
0 0.785185 0.594531 0.025926 0.019271
0 0.332870 0.540885 0.030556 0.020313
0 0.843056 0.657031 0.028704 0.021354
0 0.719907 0.633073 0.023148 0.020313
0 0.462963 0.651042 0.022222 0.018750
0 0.484722 0.540885 0.026852 0.019271
0 0.678241 0.498437 0.023148 0.016667
0 0.465278 0.505469 0.032407 0.020313
0 0.866667 0.514062 0.029630 0.020833
0 0.485648 0.501302 0.028704 0.020313
0 0.516204 0.514844 0.026852 0.019271
0 0.306019 0.541927 0.032407 0.018229
