0 0.333796 0.609896 0.028704 0.020833
0 0.256019 0.494531 0.025000 0.019271
0 0.204167 0.526302 0.025000 0.016146
0 0.454167 0.509115 0.025000 0.018229
0 0.198148 0.610677 0.025926 0.017188
0 0.580556 0.490885 0.024074 0.019271
0 0.156481 0.513802 0.025926 0.017188
0 0.157870 0.475000 0.026852 0.015625
0 0.410648 0.440885 0.019444 0.017188
0 0.561111 0.548958 0.025926 0.015625
0 0.356019 0.572135 0.025000 0.014063
0 0.393981 0.590365 0.026852 0.015104
0 0.409259 0.607292 0.029630 0.016667
0 0.414815 0.581771 0.025926 0.014583
0 0.465278 0.564323 0.026852 0.015104
0 0.466667 0.581771 0.025926 0.014583
0 0.455093 0.592969 0.023148 0.013021
0 0.481019 0.595573 0.025000 0.014063
0 0.510648 0.576302 0.026852 0.015104
0 0.561111 0.608333 0.022222 0.012500
0 0.593519 0.591146 0.033333 0.018750
0 0.613426 0.600781 0.026852 0.015104
0 0.609259 0.620313 0.031481 0.017708
0 0.612037 0.579167 0.022222 0.012500
0 0.646759 0.581510 0.026852 0.015104
0 0.648611 0.622656 0.026852 0.015104
0 0.680556 0.622396 0.025926 0.014583
0 0.681944 0.593490 0.026852 0.015104
0 0.716204 0.584635 0.026852 0.015104
0 0.698148 0.602604 0.025926 0.014583
0 0.726389 0.602865 0.028704 0.016146
0 0.716667 0.617188 0.025926 0.014583
0 0.741667 0.618229 0.027778 0.015625
0 0.758796 0.597135 0.025000 0.014063
0 0.777778 0.618750 0.031481 0.017708
0 0.812037 0.595833 0.020370 0.011458
0 0.821759 0.613281 0.032407 0.018229
0 0.847685 0.597656 0.025000 0.014063
0 0.831019 0.588281 0.021296 0.011979
0 0.831944 0.572656 0.028704 0.016146
0 0.870370 0.590625 0.027778 0.015625
