0 0.282407 0.414583 0.024074 0.013542
0 0.376852 0.449479 0.020370 0.015625
0 0.951389 0.627344 0.026852 0.015104
0 0.219444 0.606250 0.020370 0.015625
0 0.677778 0.609375 0.024074 0.017708
0 0.719444 0.398438 0.027778 0.018750
0 0.683333 0.400260 0.022222 0.016146
0 0.717593 0.560937 0.024074 0.013542
0 0.637963 0.566667 0.020370 0.017708
0 0.223148 0.651563 0.022222 0.015625
0 0.622685 0.621094 0.025000 0.014063
0 0.876852 0.530208 0.024074 0.013542
0 0.570370 0.401042 0.020370 0.014583
0 0.831481 0.680208 0.024074 0.013542
0 0.470370 0.488802 0.027778 0.018229
0 0.412037 0.411979 0.024074 0.013542
0 0.412500 0.667708 0.023148 0.015625
0 0.452778 0.521875 0.024074 0.018750
0 0.510185 0.441667 0.025926 0.014583
0 0.475463 0.549740 0.021296 0.015104
0 0.878241 0.508073 0.026852 0.015104
0 0.330093 0.514844 0.034259 0.019271
0 0.290278 0.610417 0.017593 0.015625
0 0.349074 0.450260 0.016667 0.015104
0 0.398611 0.637760 0.023148 0.013021
0 0.854630 0.670312 0.027778 0.015625
0 0.598148 0.440885 0.022222 0.017188
0 0.730556 0.633333 0.022222 0.012500
0 0.251389 0.463021 0.017593 0.017708
0 0.343981 0.536979 0.023148 0.015625
0 0.424537 0.443229 0.025000 0.017708
0 0.618981 0.633073 0.025000 0.014063
0 0.248611 0.382552 0.025000 0.014063
0 0.450463 0.509375 0.021296 0.015625
0 0.453241 0.495052 0.025000 0.017188
0 0.932407 0.617188 0.020370 0.011458
0 0.482407 0.534115 0.024074 0.015104
0 0.231481 0.663542 0.022222 0.014583
0 0.516204 0.385156 0.021296 0.011979
0 0.509259 0.395313 0.020370 0.011458
0 0.482407 0.404687 0.022222 0.012500
0 0.455556 0.394271 0.020370 0.011458
0 0.248148 0.503646 0.020370 0.011458
0 0.218981 0.526302 0.025000 0.014063
0 0.218519 0.538542 0.024074 0.013542
0 0.234722 0.539844 0.017593 0.009896
0 0.210185 0.551042 0.024074 0.013542
0 0.587500 0.674740 0.023148 0.013021
