0 0.813426 0.745052 0.023148 0.020313
0 0.415278 0.565365 0.025000 0.014063
0 0.198611 0.576302 0.021296 0.011979
0 0.394444 0.524740 0.024074 0.016146
0 0.599537 0.451823 0.021296 0.015104
0 0.552315 0.464583 0.023148 0.015625
0 0.678704 0.543229 0.025926 0.014583
0 0.497685 0.643229 0.025000 0.014583
0 0.745833 0.611458 0.021296 0.017708
0 0.651852 0.538542 0.018519 0.015625
0 0.743056 0.453906 0.025000 0.014063
0 0.307407 0.665885 0.027778 0.015104
0 0.887037 0.502604 0.020370 0.018750
0 0.635648 0.469531 0.023148 0.013021
0 0.656481 0.453125 0.024074 0.013542
0 0.761574 0.446615 0.025000 0.014063
0 0.557407 0.584635 0.024074 0.014063
0 0.516667 0.484635 0.024074 0.017188
0 0.522222 0.453125 0.022222 0.014583
0 0.361574 0.516927 0.019444 0.014063
0 0.710185 0.485156 0.024074 0.014063
0 0.424537 0.476302 0.019444 0.015104
0 0.577778 0.679427 0.022222 0.021354
0 0.385185 0.598437 0.020370 0.017708
0 0.765741 0.504167 0.024074 0.018750
0 0.733796 0.497656 0.026852 0.015104
0 0.475926 0.655990 0.025926 0.014063
0 0.639352 0.484115 0.025000 0.014063
