0 0.679630 0.466667 0.022222 0.012500
0 0.217130 0.585938 0.025000 0.013542
0 0.389815 0.606771 0.022222 0.017708
0 0.603241 0.543490 0.025000 0.014063
0 0.850000 0.519792 0.027778 0.015625
0 0.534722 0.481510 0.021296 0.014063
0 0.629630 0.566146 0.024074 0.013542
0 0.546759 0.500521 0.025000 0.015625
0 0.607870 0.565365 0.026852 0.015104
0 0.157870 0.634115 0.023148 0.013021
0 0.174074 0.644271 0.022222 0.012500
0 0.146296 0.646875 0.025926 0.014583
0 0.123611 0.642969 0.025000 0.014063
0 0.341667 0.645833 0.022222 0.012500
0 0.369907 0.647135 0.028704 0.016146
0 0.392130 0.642448 0.025000 0.014063
0 0.426852 0.635938 0.022222 0.012500
0 0.434722 0.648177 0.023148 0.013021
0 0.463889 0.646875 0.024074 0.013542
0 0.500000 0.648438 0.022222 0.012500
0 0.513889 0.638021 0.022222 0.012500
0 0.548148 0.628646 0.025926 0.014583
0 0.550463 0.645052 0.025000 0.014063
0 0.587963 0.625521 0.024074 0.013542
0 0.573148 0.634375 0.020370 0.011458
0 0.572222 0.649479 0.025926 0.014583
0 0.590741 0.640625 0.022222 0.012500
0 0.613889 0.647396 0.025926 0.014583
0 0.662963 0.634375 0.024074 0.013542
0 0.659259 0.647396 0.025926 0.014583
0 0.678704 0.642188 0.020370 0.011458
0 0.711111 0.648958 0.024074 0.013542
0 0.721759 0.637760 0.017593 0.009896
0 0.734722 0.647656 0.026852 0.015104
0 0.760185 0.645833 0.031481 0.017708
0 0.779167 0.652865 0.021296 0.011979
0 0.799537 0.651823 0.025000 0.014063
0 0.809259 0.639583 0.020370 0.011458
0 0.824537 0.650260 0.023148 0.013021
0 0.839352 0.641406 0.019444 0.010937
0 0.859259 0.634375 0.027778 0.015625
