0 0.220370 0.661979 0.025926 0.018750
0 0.766204 0.514844 0.025000 0.014063
0 0.908796 0.438021 0.032407 0.018750
0 0.313889 0.523698 0.018519 0.014063
0 0.202778 0.447656 0.029630 0.020313
0 0.416667 0.473438 0.035185 0.021875
0 0.774537 0.533333 0.032407 0.017708
0 0.888426 0.713021 0.030556 0.021875
0 0.402315 0.512240 0.030556 0.017188
0 0.726389 0.689063 0.023148 0.019792
0 0.318056 0.470833 0.023148 0.016667
0 0.429167 0.411458 0.036111 0.017708
0 0.156019 0.689323 0.023148 0.020313
0 0.175926 0.539844 0.022222 0.018229
0 0.535648 0.693490 0.028704 0.021354
0 0.311574 0.661719 0.032407 0.019271
0 0.415741 0.443229 0.038889 0.020833
0 0.378704 0.429948 0.031481 0.017188
0 0.520833 0.472656 0.026852 0.017188
0 0.574537 0.719531 0.032407 0.022396
0 0.816204 0.533854 0.028704 0.016667
0 0.746759 0.451823 0.028704 0.018229
0 0.330556 0.473698 0.027778 0.016146
0 0.303241 0.476042 0.023148 0.016667
0 0.230093 0.468490 0.023148 0.018229
0 0.155556 0.486719 0.024074 0.018229
0 0.422222 0.488021 0.027778 0.015625
0 0.481944 0.509115 0.028704 0.016146
0 0.497685 0.464062 0.028704 0.016667
0 0.418056 0.423698 0.026852 0.015104
0 0.931481 0.636979 0.033333 0.018750
0 0.388889 0.530208 0.025926 0.014583
