0 0.180556 0.585677 0.037037 0.020313
0 0.299074 0.533854 0.035185 0.019792
0 0.452315 0.572396 0.034259 0.019792
0 0.397222 0.584635 0.031481 0.019271
0 0.499537 0.505729 0.037963 0.020833
0 0.128704 0.558854 0.035185 0.019792
0 0.175463 0.473177 0.025000 0.023438
0 0.590278 0.600260 0.034259 0.023438
0 0.435185 0.585156 0.029630 0.021354
0 0.327315 0.549219 0.039815 0.022396
0 0.618056 0.566667 0.037963 0.020833
0 0.858796 0.483594 0.036111 0.020313
0 0.855556 0.551562 0.027778 0.015625
0 0.862500 0.567448 0.028704 0.016146
0 0.842593 0.582292 0.029630 0.016667
0 0.818056 0.561198 0.030556 0.017188
0 0.804630 0.547396 0.033333 0.018750
0 0.768519 0.551042 0.031481 0.017708
0 0.743519 0.548438 0.027778 0.015625
0 0.750000 0.566667 0.037037 0.020833
0 0.778704 0.578125 0.029630 0.016667
0 0.803704 0.573958 0.031481 0.017708
0 0.800463 0.588802 0.028704 0.016146
0 0.727315 0.595052 0.032407 0.018229
0 0.636111 0.595313 0.035185 0.019792
0 0.595833 0.582552 0.036111 0.020313
0 0.396759 0.478906 0.030556 0.017188
0 0.413426 0.494010 0.039815 0.022396
0 0.442130 0.513281 0.034259 0.019271
0 0.411111 0.537500 0.035185 0.019792
0 0.382870 0.527344 0.030556 0.017188
0 0.250000 0.570833 0.038889 0.021875
0 0.226389 0.586198 0.036111 0.020313
0 0.255093 0.598177 0.032407 0.018229
0 0.289815 0.595313 0.027778 0.015625
