0 0.128704 0.608073 0.035185 0.020313
0 0.218981 0.612240 0.030556 0.017188
0 0.528241 0.567969 0.032407 0.021354
0 0.800000 0.582812 0.029630 0.019792
0 0.143056 0.398698 0.026852 0.020313
0 0.439815 0.515365 0.033333 0.019271
0 0.622685 0.491927 0.028704 0.016146
0 0.639352 0.606771 0.032407 0.023958
0 0.694907 0.608073 0.036111 0.020313
0 0.741204 0.596094 0.030556 0.017188
0 0.243981 0.509375 0.032407 0.021875
0 0.625463 0.475521 0.026852 0.015625
0 0.162963 0.540104 0.027778 0.019792
0 0.827315 0.604948 0.032407 0.018229
0 0.247685 0.429948 0.025000 0.020313
0 0.140278 0.553385 0.032407 0.018229
0 0.135648 0.483594 0.028704 0.021354
0 0.577315 0.491406 0.032407 0.018229
0 0.228704 0.590104 0.029630 0.016667
0 0.128704 0.538542 0.025926 0.014583
0 0.714352 0.588802 0.025000 0.018229
0 0.403704 0.510938 0.027778 0.015625
0 0.247222 0.606771 0.029630 0.016667
0 0.806019 0.597656 0.023148 0.013021
0 0.788889 0.605208 0.031481 0.017708
0 0.730093 0.608594 0.026852 0.015104
0 0.516667 0.580729 0.027778 0.015625
0 0.500463 0.592448 0.025000 0.014063
0 0.507870 0.604427 0.023148 0.013021
0 0.474074 0.589063 0.029630 0.016667
0 0.483333 0.610417 0.031481 0.017708
0 0.455093 0.608073 0.028704 0.016146
0 0.430093 0.608594 0.025000 0.014063
0 0.404167 0.599219 0.023148 0.013021
0 0.366204 0.590365 0.034259 0.019271
0 0.326852 0.575521 0.031481 0.017708
0 0.332870 0.588281 0.028704 0.016146
0 0.325926 0.597396 0.029630 0.016667
0 0.373611 0.606510 0.026852 0.015104
0 0.353241 0.610156 0.026852 0.015104
0 0.328241 0.611719 0.025000 0.014063
