0 0.182407 0.679427 0.024074 0.023438
0 0.871759 0.448698 0.028704 0.019271
0 0.374074 0.609375 0.025926 0.021875
0 0.603241 0.447917 0.030556 0.020833
0 0.510185 0.559375 0.031481 0.021875
0 0.849537 0.547396 0.032407 0.022917
0 0.189815 0.514323 0.020370 0.021354
0 0.214352 0.586979 0.034259 0.023958
0 0.502315 0.526042 0.034259 0.021875
0 0.425926 0.708594 0.029630 0.020313
0 0.695833 0.501302 0.034259 0.019271
0 0.340741 0.522656 0.033333 0.020313
0 0.411574 0.534375 0.034259 0.019792
0 0.416667 0.551562 0.027778 0.015625
0 0.406944 0.459635 0.028704 0.020313
0 0.790278 0.535156 0.021296 0.018229
0 0.516204 0.649479 0.028704 0.018750
0 0.476389 0.433073 0.030556 0.018229
0 0.311574 0.517188 0.028704 0.018750
