0 0.221296 0.515885 0.055556 0.035937
0 0.565741 0.456510 0.061111 0.033854
0 0.616204 0.603906 0.056481 0.030729
0 0.167593 0.526823 0.040741 0.031771
0 0.588426 0.507552 0.047222 0.030729
0 0.615741 0.571354 0.055556 0.033333
0 0.593981 0.692448 0.058333 0.032813
0 0.600000 0.719531 0.051852 0.027604
0 0.582407 0.749219 0.064815 0.033854
0 0.626389 0.770052 0.060185 0.033854
0 0.523611 0.745313 0.065741 0.036458
0 0.484722 0.773958 0.063889 0.038542
0 0.428241 0.773958 0.052778 0.031250
0 0.159722 0.785677 0.078704 0.042188
