0 0.722222 0.722656 0.033333 0.026562
0 0.468519 0.586979 0.037037 0.029167
0 0.638426 0.582552 0.036111 0.025521
0 0.570833 0.680729 0.039815 0.028125
0 0.956019 0.567448 0.037963 0.022396
0 0.499074 0.481771 0.046296 0.029167
0 0.396296 0.430729 0.050000 0.030208
0 0.840278 0.729427 0.041667 0.024479
0 0.929167 0.663281 0.050926 0.028646
0 0.911111 0.688542 0.048148 0.026042
0 0.663426 0.619792 0.039815 0.023958
0 0.620370 0.601042 0.048148 0.026042
0 0.532407 0.727344 0.053704 0.031771
0 0.793056 0.716146 0.058333 0.037500
0 0.131019 0.533333 0.045370 0.027083
0 0.154167 0.591146 0.060185 0.035417
0 0.438426 0.497396 0.060185 0.039583
0 0.545833 0.471354 0.052778 0.033333
0 0.462037 0.611198 0.053704 0.030729
0 0.489815 0.636719 0.053704 0.031771
0 0.318519 0.641406 0.059259 0.029687
0 0.257870 0.633594 0.054630 0.030729
0 0.296296 0.672396 0.068519 0.041667
0 0.482407 0.703385 0.057407 0.033854
0 0.570833 0.711458 0.049074 0.027083
0 0.634259 0.677083 0.048148 0.031250
0 0.681019 0.650521 0.058333 0.036458
0 0.909259 0.584896 0.062963 0.036458
0 0.852778 0.598177 0.061111 0.036979
0 0.872685 0.642969 0.058333 0.033854
0 0.984722 0.698958 0.030556 0.033333
0 0.953704 0.723958 0.062963 0.038542
0 0.776852 0.646094 0.061111 0.041146
0 0.712963 0.677865 0.050000 0.031771
0 0.679167 0.719010 0.050926 0.031771
