0 0.182870 0.428125 0.030556 0.019792
0 0.178704 0.580729 0.031481 0.021875
0 0.738426 0.411719 0.026852 0.018229
0 0.662963 0.397656 0.029630 0.017188
0 0.801852 0.675781 0.033333 0.023438
0 0.492593 0.563802 0.037037 0.022396
0 0.837963 0.419010 0.031481 0.020313
0 0.858796 0.622135 0.039815 0.022396
0 0.206481 0.544010 0.027778 0.018229
0 0.584722 0.508073 0.028704 0.016146
0 0.665278 0.432812 0.030556 0.017708
0 0.180556 0.387240 0.027778 0.019271
0 0.830556 0.486458 0.031481 0.017708
0 0.406481 0.504687 0.033333 0.019792
0 0.502315 0.391406 0.026852 0.019271
0 0.639352 0.442708 0.034259 0.018750
0 0.465741 0.496094 0.035185 0.020313
0 0.795833 0.495052 0.034259 0.018229
0 0.670833 0.612240 0.030556 0.022396
0 0.706481 0.403385 0.027778 0.014063
0 0.823611 0.362760 0.025000 0.017188
0 0.592593 0.491406 0.033333 0.018229
0 0.828241 0.672656 0.032407 0.018229
0 0.437500 0.482031 0.026852 0.015104
