0 0.794444 0.662240 0.037037 0.021354
0 0.125000 0.570312 0.031481 0.021875
0 0.201389 0.532292 0.028704 0.016667
0 0.774537 0.641667 0.030556 0.017708
0 0.292593 0.642188 0.031481 0.017708
0 0.156481 0.515104 0.031481 0.017708
0 0.774537 0.696354 0.034259 0.022917
0 0.870833 0.667969 0.034259 0.019271
0 0.105093 0.684375 0.026852 0.018750
0 0.303241 0.547917 0.032407 0.021875
0 0.644444 0.646354 0.029630 0.019792
0 0.429630 0.493490 0.027778 0.017188
0 0.394907 0.605990 0.026852 0.019271
0 0.720370 0.665365 0.033333 0.018229
0 0.263889 0.448437 0.025926 0.019792
0 0.378241 0.533594 0.028704 0.016146
0 0.339815 0.674219 0.025926 0.018229
0 0.676852 0.646094 0.027778 0.016146
0 0.735648 0.627865 0.030556 0.020313
0 0.761574 0.666927 0.032407 0.018229
0 0.219444 0.616927 0.022222 0.018229
0 0.603704 0.592708 0.029630 0.019792
0 0.424074 0.612240 0.027778 0.019271
0 0.347685 0.483854 0.026852 0.015625
0 0.225000 0.674219 0.035185 0.019271
0 0.171296 0.541667 0.033333 0.018750
0 0.264352 0.584635 0.030556 0.018229
0 0.309722 0.620313 0.030556 0.018750
0 0.142593 0.534896 0.027778 0.015625
0 0.551852 0.587500 0.027778 0.017708
0 0.441204 0.598177 0.032407 0.018229
0 0.325000 0.522917 0.035185 0.019792
0 0.502315 0.550260 0.034259 0.020313
0 0.577315 0.648438 0.030556 0.026042
0 0.601389 0.613802 0.028704 0.020313
0 0.596296 0.515365 0.027778 0.016146
0 0.228704 0.539323 0.029630 0.020313
0 0.190278 0.482031 0.032407 0.018229
0 0.300000 0.654687 0.035185 0.019792
0 0.348148 0.498437 0.031481 0.017708
