0 0.725000 0.809635 0.083333 0.048438
0 0.718981 0.657292 0.065741 0.039583
0 0.874537 0.700000 0.062037 0.033333
0 0.486111 0.611719 0.064815 0.039062
0 0.637037 0.679688 0.059259 0.034375
0 0.281019 0.586198 0.069444 0.034896
0 0.737963 0.739323 0.061111 0.033854
0 0.289352 0.549740 0.076852 0.035937
0 0.487963 0.758073 0.061111 0.031771
0 0.337037 0.796094 0.088889 0.045312
0 0.275000 0.405990 0.062963 0.032813
0 0.531944 0.730990 0.067593 0.042188
0 0.680556 0.487500 0.072222 0.042708
0 0.819444 0.772135 0.066667 0.040104
0 0.860648 0.733333 0.065741 0.039583
0 0.897685 0.770052 0.071296 0.045312
0 0.906481 0.811198 0.070370 0.033854
0 0.975926 0.830990 0.048148 0.045312
0 0.976389 0.763542 0.047222 0.043750
