0 0.653704 0.680990 0.061111 0.033854
0 0.498611 0.512760 0.054630 0.026562
0 0.534722 0.604427 0.058333 0.034896
0 0.490741 0.539844 0.053704 0.030729
0 0.530093 0.563542 0.058333 0.034375
0 0.216667 0.558854 0.057407 0.030208
0 0.388426 0.600521 0.065741 0.033333
0 0.357407 0.628125 0.062963 0.032292
0 0.315278 0.654167 0.067593 0.035417
0 0.268519 0.676042 0.070370 0.035417
0 0.193056 0.668490 0.058333 0.033854
0 0.212037 0.696615 0.057407 0.031771
0 0.134259 0.642969 0.066667 0.033854
0 0.132407 0.705729 0.066667 0.034375
0 0.513889 0.688021 0.051852 0.033333
0 0.582870 0.703125 0.060185 0.038542
0 0.698611 0.703906 0.056481 0.030729
0 0.720833 0.734635 0.062037 0.034896
0 0.738426 0.672396 0.050926 0.031250
0 0.790278 0.670312 0.045370 0.031250
0 0.788889 0.705469 0.055556 0.034896
0 0.800463 0.738281 0.063889 0.038021
0 0.859259 0.703385 0.053704 0.030729
0 0.855093 0.671875 0.058333 0.037500
0 0.913889 0.661979 0.066667 0.037500
0 0.976852 0.679688 0.046296 0.026042
0 0.964815 0.708594 0.061111 0.036979
0 0.895370 0.741667 0.061111 0.039583
0 0.967130 0.742448 0.065741 0.039062
