0 0.1282 0.6648 0.0641 0.0395
0 0.7050 0.7226 0.0601 0.0392
0 0.8210 0.7100 0.0625 0.0409
0 0.1486 0.7193 0.0557 0.0422
0 0.5926 0.7140 0.0685 0.0425
0 0.8122 0.6647 0.0621 0.0439
0 0.9364 0.7189 0.0613 0.0381
0 0.3427 0.7063 0.0606 0.0373
0 0.6842 0.6880 0.0644 0.0423
0 0.6024 0.6267 0.0621 0.0358
0 0.7565 0.6836 0.0543 0.0449
0 0.5613 0.6847 0.0600 0.0401
0 0.8770 0.7051 0.0468 0.0418
0 0.2820 0.5848 0.0621 0.0352
0 0.2795 0.6402 0.0604 0.0386
0 0.5141 0.5812 0.0601 0.0374
0 0.4522 0.6662 0.0628 0.0385
0 0.3325 0.6438 0.0539 0.0369
0 0.4964 0.6195 0.0596 0.0361
0 0.8639 0.6185 0.0700 0.0408
0 0.2469 0.6821 0.0601 0.0411
0 0.1584 0.6281 0.0619 0.0345
0 0.6295 0.6714 0.0532 0.0413
0 0.4734 0.6944 0.0554 0.0382
0 0.9120 0.6473 0.0600 0.0318
0 0.1964 0.7048 0.0468 0.0310
0 0.1265 0.5938 0.0584 0.0322
0 0.3876 0.6335 0.0703 0.0396
0 0.1558 0.5681 0.0666 0.0351
0 0.2814 0.7095 0.0557 0.0428
0 0.1192 0.5299 0.0542 0.0311
0 0.0943 0.6335 0.0658 0.0372
0 0.1695 0.4959 0.0456 0.0306
0 0.9087 0.6757 0.0603 0.0422
0 0.3186 0.5601 0.0481 0.0303
0 0.6872 0.6365 0.0501 0.0313
0 0.3980 0.6929 0.0482 0.0383
