0 0.4716 0.7240 0.0357 0.0309
0 0.8595 0.6856 0.0661 0.0409
0 0.5275 0.7266 0.0576 0.0379
0 0.6576 0.7083 0.0555 0.0499
0 0.3602 0.6402 0.0342 0.0229
0 0.4975 0.6875 0.0574 0.0428
0 0.4339 0.6584 0.0552 0.0356
0 0.1993 0.6281 0.0468 0.0290
0 0.8783 0.7322 0.0415 0.0320
0 0.2629 0.5710 0.0482 0.0282
0 0.5860 0.6055 0.0489 0.0449
0 0.5735 0.6608 0.0609 0.0393
0 0.7517 0.7355 0.0532 0.0410
0 0.7412 0.6514 0.0520 0.0350
0 0.4327 0.7063 0.0521 0.0302
0 0.3216 0.6707 0.0495 0.0298
0 0.8244 0.6389 0.0493 0.0323
0 0.7657 0.6900 0.0425 0.0311
0 0.9696 0.7204 0.0428 0.0303
0 0.9749 0.6594 0.0469 0.0442
0 0.7277 0.7029 0.0446 0.0320
0 0.7723 0.5999 0.0635 0.0359
0 0.9525 0.6908 0.0483 0.0381
0 0.7628 0.6314 0.0507 0.0313
0 0.2467 0.6499 0.0415 0.0285
0 0.4198 0.6295 0.0516 0.0336
0 0.8107 0.7373 0.0420 0.0421
