0 0.596875 0.604167 0.037500 0.054167
0 0.500000 0.571875 0.031250 0.043750
0 0.528125 0.696875 0.043750 0.056250
0 0.493750 0.694792 0.028125 0.056250
0 0.493750 0.767708 0.043750 0.068750
0 0.456250 0.728125 0.028125 0.043750
0 0.418750 0.751042 0.034375 0.052083
0 0.387500 0.760417 0.034375 0.054167
0 0.406250 0.710417 0.034375 0.045833
0 0.368750 0.708333 0.034375 0.050000
0 0.305469 0.668750 0.042188 0.054167
0 0.280469 0.632292 0.029687 0.035417
0 0.317188 0.618750 0.034375 0.041667
0 0.345313 0.598958 0.031250 0.031250
0 0.382812 0.612500 0.037500 0.045833
0 0.351562 0.639583 0.034375 0.054167
0 0.411719 0.637500 0.029687 0.045833
0 0.284375 0.586458 0.028125 0.035417
0 0.314063 0.567708 0.034375 0.043750
0 0.275781 0.556250 0.032813 0.033333
0 0.322656 0.528125 0.032813 0.047917
0 0.289062 0.517708 0.034375 0.052083
0 0.271094 0.489583 0.029687 0.054167
0 0.295312 0.466667 0.034375 0.050000
0 0.295312 0.427083 0.028125 0.037500
0 0.321875 0.418750 0.031250 0.045833
0 0.346875 0.352083 0.031250 0.045833
0 0.352344 0.402083 0.032813 0.045833
0 0.362500 0.439583 0.050000 0.050000
0 0.342187 0.472917 0.031250 0.041667
0 0.373437 0.479167 0.031250 0.050000
0 0.428125 0.481250 0.037500 0.050000
0 0.452344 0.408333 0.035937 0.054167
0 0.474219 0.362500 0.029687 0.041667
0 0.488281 0.403125 0.035937 0.047917
0 0.472656 0.436458 0.032813 0.043750
0 0.389062 0.395833 0.037500 0.050000
0 0.396875 0.333333 0.034375 0.045833
0 0.427344 0.325000 0.032813 0.050000
0 0.414844 0.366667 0.032813 0.045833
