0 0.3575 0.5870 0.0385 0.0494
0 0.6127 0.5816 0.0414 0.0517
0 0.5141 0.7241 0.0276 0.0440
0 0.4972 0.4537 0.0386 0.0461
0 0.4343 0.7402 0.0350 0.0444
0 0.5949 0.5301 0.0391 0.0457
0 0.3578 0.6494 0.0366 0.0488
0 0.4048 0.4913 0.0422 0.0561
0 0.5342 0.7860 0.0368 0.0474
0 0.4049 0.6698 0.0349 0.0561
0 0.5617 0.7065 0.0288 0.0428
0 0.5479 0.7352 0.0300 0.0457
0 0.4935 0.7968 0.0358 0.0467
0 0.4443 0.7802 0.0358 0.0478
0 0.4749 0.6698 0.0293 0.0427
0 0.4766 0.6234 0.0339 0.0403
0 0.4772 0.5813 0.0332 0.0470
0 0.4880 0.6996 0.0335 0.0411
0 0.5498 0.6586 0.0316 0.0474
0 0.4285 0.5358 0.0368 0.0447
0 0.4533 0.7064 0.0352 0.0452
0 0.6049 0.6763 0.0368 0.0634
0 0.5929 0.7191 0.0301 0.0431
0 0.5125 0.6168 0.0334 0.0457
0 0.3665 0.5489 0.0374 0.0472
0 0.4877 0.7515 0.0316 0.0434
0 0.4166 0.5977 0.0300 0.0510
0 0.5131 0.6716 0.0314 0.0447
