0 0.468750 0.287500 0.034375 0.045833
0 0.519531 0.297917 0.032813 0.037500
0 0.552344 0.310417 0.035937 0.050000
0 0.525781 0.339583 0.032813 0.029167
0 0.496875 0.351042 0.031250 0.047917
0 0.463281 0.340625 0.026562 0.035417
0 0.430469 0.338542 0.035937 0.043750
0 0.401562 0.317708 0.025000 0.039583
0 0.389062 0.357292 0.031250 0.039583
0 0.361719 0.355208 0.026562 0.043750
0 0.360938 0.394792 0.034375 0.039583
0 0.343750 0.425000 0.028125 0.041667
0 0.390625 0.427083 0.034375 0.045833
0 0.374219 0.453125 0.029687 0.031250
0 0.342187 0.463542 0.028125 0.035417
0 0.321094 0.493750 0.035937 0.041667
0 0.328125 0.539583 0.043750 0.058333
0 0.357812 0.507292 0.025000 0.039583
0 0.382812 0.505208 0.028125 0.039583
0 0.383594 0.545833 0.039062 0.045833
0 0.413281 0.539583 0.032813 0.045833
0 0.417969 0.403125 0.029687 0.047917
0 0.455469 0.377083 0.035937 0.037500
0 0.452344 0.416667 0.029687 0.041667
0 0.483594 0.458333 0.032813 0.041667
0 0.550000 0.400000 0.034375 0.050000
0 0.579688 0.377083 0.034375 0.045833
0 0.578125 0.416667 0.040625 0.045833
0 0.557031 0.444792 0.032813 0.043750
0 0.526563 0.582292 0.028125 0.043750
0 0.611719 0.660417 0.032813 0.045833
0 0.515625 0.705208 0.040625 0.043750
0 0.487500 0.679167 0.031250 0.041667
0 0.460938 0.743750 0.034375 0.070833
0 0.440625 0.683333 0.028125 0.050000
0 0.371875 0.616667 0.031250 0.041667
0 0.431250 0.577083 0.028125 0.041667
0 0.404687 0.638542 0.034375 0.047917
0 0.402344 0.680208 0.035937 0.047917
0 0.370312 0.669792 0.034375 0.047917
