0 0.395313 0.679167 0.028125 0.037500
0 0.475000 0.521875 0.037500 0.052083
0 0.362500 0.531250 0.040625 0.050000
0 0.320312 0.685417 0.025000 0.045833
0 0.450000 0.469792 0.031250 0.035417
0 0.481250 0.569792 0.031250 0.039583
0 0.502344 0.467708 0.035937 0.047917
0 0.317969 0.606250 0.032813 0.041667
0 0.352344 0.742708 0.026562 0.039583
0 0.536719 0.680208 0.026562 0.039583
0 0.492188 0.791667 0.037500 0.041667
0 0.444531 0.662500 0.035937 0.045833
0 0.391406 0.464583 0.032813 0.041667
0 0.448437 0.717708 0.028125 0.043750
0 0.569531 0.676042 0.029687 0.039583
0 0.402344 0.739583 0.035937 0.041667
0 0.523438 0.544792 0.034375 0.039583
0 0.544531 0.641667 0.026562 0.041667
0 0.485156 0.720833 0.035937 0.045833
0 0.444531 0.760417 0.032813 0.041667
0 0.555469 0.532292 0.032813 0.039583
0 0.360938 0.583333 0.037500 0.045833
0 0.534375 0.495833 0.037500 0.045833
0 0.424219 0.794792 0.032813 0.043750
0 0.380469 0.770833 0.039062 0.041667
0 0.574219 0.638542 0.026562 0.039583
0 0.572656 0.591667 0.035937 0.045833
0 0.515625 0.709375 0.031250 0.043750
0 0.530469 0.584375 0.029687 0.043750
0 0.320312 0.641667 0.034375 0.041667
0 0.487500 0.606250 0.034375 0.041667
0 0.371875 0.713542 0.031250 0.043750
0 0.519531 0.768750 0.029687 0.037500
0 0.481250 0.676042 0.037500 0.047917
0 0.461719 0.595833 0.032813 0.041667
0 0.547656 0.733333 0.026562 0.037500
0 0.421094 0.471875 0.029687 0.039583
0 0.363281 0.676042 0.035937 0.047917
0 0.343750 0.615625 0.031250 0.043750
0 0.350000 0.707292 0.025000 0.052083
