0 0.6187 0.6868 0.0376 0.0441
0 0.4937 0.6671 0.0345 0.0510
0 0.4979 0.4915 0.0357 0.0482
0 0.4945 0.8109 0.0330 0.0560
0 0.5411 0.7454 0.0345 0.0468
0 0.6275 0.7416 0.0327 0.0372
0 0.4167 0.5496 0.0384 0.0449
0 0.6330 0.5686 0.0406 0.0436
0 0.5407 0.4915 0.0304 0.0384
0 0.5632 0.5166 0.0313 0.0387
0 0.6087 0.7835 0.0337 0.0397
0 0.5024 0.5997 0.0366 0.0442
0 0.5505 0.8241 0.0394 0.0465
0 0.5948 0.5211 0.0394 0.0462
0 0.6464 0.6579 0.0316 0.0401
0 0.4436 0.6590 0.0351 0.0501
0 0.5583 0.7813 0.0339 0.0391
0 0.4703 0.5795 0.0319 0.0486
0 0.5786 0.8103 0.0289 0.0347
0 0.5714 0.7167 0.0282 0.0430
0 0.5937 0.7226 0.0288 0.0381
