0 0.5827 0.6048 0.0382 0.0482
0 0.5309 0.4740 0.0366 0.0524
0 0.6351 0.7638 0.0310 0.0451
0 0.4974 0.5275 0.0280 0.0449
0 0.6520 0.5610 0.0355 0.0388
0 0.4248 0.6569 0.0362 0.0520
0 0.6172 0.5416 0.0355 0.0391
0 0.4674 0.7072 0.0359 0.0457
0 0.6072 0.5019 0.0399 0.0420
0 0.4525 0.5953 0.0388 0.0504
0 0.5157 0.8116 0.0326 0.0508
0 0.5754 0.7575 0.0305 0.0423
0 0.6441 0.7196 0.0361 0.0490
0 0.5452 0.7280 0.0379 0.0447
0 0.5014 0.7566 0.0344 0.0490
0 0.5878 0.5567 0.0336 0.0376
0 0.6023 0.7954 0.0341 0.0402
0 0.4649 0.5234 0.0327 0.0490
0 0.4354 0.5356 0.0354 0.0446
0 0.5533 0.7890 0.0358 0.0415
0 0.6077 0.7509 0.0276 0.0475
