0 0.5047 0.7584 0.0497 0.0572
0 0.3566 0.7838 0.0367 0.0473
0 0.4343 0.5547 0.0369 0.0385
0 0.4215 0.8557 0.0444 0.0503
0 0.4030 0.5349 0.0416 0.0408
0 0.3375 0.6642 0.0338 0.0463
0 0.5045 0.6723 0.0370 0.0481
0 0.4802 0.7149 0.0354 0.0523
0 0.4392 0.6387 0.0374 0.0453
0 0.4440 0.6980 0.0329 0.0496
0 0.4972 0.5556 0.0405 0.0419
0 0.3524 0.6292 0.0374 0.0445
0 0.4154 0.5833 0.0306 0.0383
0 0.4880 0.5187 0.0385 0.0365
0 0.5202 0.5287 0.0391 0.0402
0 0.3466 0.7465 0.0329 0.0480
0 0.4033 0.8206 0.0341 0.0420
0 0.3640 0.5802 0.0377 0.0369
0 0.4145 0.7315 0.0321 0.0453
0 0.4390 0.5926 0.0354 0.0383
0 0.3823 0.6074 0.0337 0.0409
