0 0.4502 0.8580 0.0378 0.0487
0 0.4202 0.5301 0.0396 0.0403
0 0.4349 0.6579 0.0370 0.0479
0 0.4015 0.7049 0.0356 0.0479
0 0.5025 0.8238 0.0415 0.0657
0 0.3721 0.7870 0.0365 0.0458
0 0.3571 0.7268 0.0373 0.0476
0 0.5289 0.5720 0.0342 0.0525
0 0.3938 0.5875 0.0296 0.0388
0 0.5110 0.5154 0.0402 0.0391
0 0.5610 0.6589 0.0353 0.0414
0 0.5105 0.6046 0.0327 0.0444
0 0.3530 0.6427 0.0327 0.0442
0 0.3670 0.6100 0.0373 0.0401
0 0.4639 0.6120 0.0344 0.0469
0 0.4210 0.8297 0.0345 0.0451
0 0.3808 0.7439 0.0355 0.0449
0 0.4826 0.5814 0.0276 0.0406
0 0.4221 0.5985 0.0356 0.0359
0 0.4621 0.5476 0.0344 0.0463
0 0.4051 0.6325 0.0388 0.0370
