0 0.3557 0.4927 0.0289 0.0328
0 0.5276 0.7082 0.0394 0.0485
0 0.4312 0.6049 0.0299 0.0383
0 0.4522 0.7079 0.0292 0.0386
0 0.5260 0.3994 0.0374 0.0449
0 0.3347 0.3972 0.0239 0.0424
0 0.3752 0.5846 0.0382 0.0516
0 0.6162 0.6427 0.0353 0.0508
0 0.3224 0.4720 0.0304 0.0406
0 0.4796 0.7609 0.0374 0.0729
0 0.4136 0.7166 0.0334 0.0480
0 0.4328 0.3063 0.0358 0.0484
0 0.3241 0.5927 0.0402 0.0550
0 0.4980 0.6945 0.0368 0.0477
0 0.3677 0.3528 0.0271 0.0402
0 0.5537 0.3697 0.0353 0.0424
0 0.3502 0.5500 0.0261 0.0389
0 0.4106 0.6741 0.0369 0.0498
0 0.5334 0.5795 0.0350 0.0454
0 0.3805 0.7096 0.0334 0.0499
0 0.3725 0.5441 0.0290 0.0440
0 0.5556 0.4105 0.0374 0.0429
0 0.4300 0.3613 0.0295 0.0388
0 0.3722 0.6369 0.0384 0.0447
0 0.4062 0.5732 0.0349 0.0452
0 0.4294 0.3961 0.0463 0.0397
0 0.3614 0.3935 0.0306 0.0442
0 0.5360 0.4404 0.0351 0.0397
0 0.3390 0.4359 0.0326 0.0414
0 0.5157 0.3124 0.0386 0.0462
0 0.3091 0.5503 0.0299 0.0415
0 0.4861 0.3066 0.0362 0.0429
0 0.4303 0.4351 0.0337 0.0380
0 0.3257 0.5151 0.0354 0.0471
0 0.3688 0.4637 0.0342 0.0452
0 0.4667 0.3640 0.0376 0.0484
0 0.4816 0.4590 0.0365 0.0465
0 0.3993 0.3603 0.0336 0.0476
0 0.4002 0.4266 0.0299 0.0419
0 0.4981 0.3441 0.0376 0.0342
