0 0.720313 0.407292 0.040625 0.047917
0 0.546094 0.551042 0.039062 0.043750
0 0.450781 0.642708 0.035937 0.056250
0 0.624219 0.604167 0.035937 0.045833
0 0.685156 0.625000 0.039062 0.041667
0 0.712500 0.366667 0.046875 0.050000
0 0.682813 0.440625 0.037500 0.047917
0 0.614062 0.525000 0.034375 0.050000
0 0.632031 0.487500 0.035937 0.045833
0 0.673438 0.569792 0.034375 0.043750
0 0.563281 0.583333 0.029687 0.037500
0 0.639844 0.555208 0.039062 0.052083
0 0.639844 0.683333 0.035937 0.050000
0 0.496094 0.693750 0.039062 0.050000
0 0.713281 0.454167 0.042188 0.054167
0 0.703906 0.502083 0.035937 0.041667
0 0.546875 0.643750 0.028125 0.041667
0 0.732031 0.487500 0.039062 0.041667
0 0.670312 0.663542 0.034375 0.047917
0 0.589063 0.563542 0.034375 0.043750
0 0.732812 0.522917 0.037500 0.041667
0 0.675000 0.482292 0.037500 0.039583
0 0.514844 0.631250 0.035937 0.045833
0 0.649219 0.642708 0.029687 0.043750
0 0.707031 0.543750 0.035937 0.045833
0 0.465625 0.611458 0.037500 0.039583
0 0.484375 0.650000 0.037500 0.050000
0 0.707812 0.591667 0.037500 0.050000
0 0.592187 0.610417 0.034375 0.045833
0 0.522656 0.670833 0.029687 0.041667
0 0.578906 0.683333 0.032813 0.050000
0 0.561719 0.714583 0.029687 0.045833
0 0.532813 0.714583 0.034375 0.050000
0 0.675781 0.522917 0.032813 0.037500
0 0.654687 0.609375 0.034375 0.043750
0 0.612500 0.680208 0.028125 0.060417
0 0.579688 0.643750 0.028125 0.041667
0 0.536719 0.606250 0.032813 0.041667
0 0.551562 0.680208 0.031250 0.052083
0 0.616406 0.645833 0.032813 0.050000
