0 0.539844 0.683333 0.035937 0.050000
0 0.579688 0.570833 0.031250 0.033333
0 0.471875 0.793750 0.034375 0.050000
0 0.457031 0.547917 0.035937 0.050000
0 0.517969 0.490625 0.035937 0.052083
0 0.440625 0.656250 0.040625 0.045833
0 0.603906 0.548958 0.035937 0.039583
0 0.600781 0.504167 0.035937 0.045833
0 0.585938 0.820833 0.037500 0.045833
0 0.623437 0.700000 0.031250 0.045833
0 0.586719 0.778125 0.032813 0.043750
0 0.545312 0.833333 0.034375 0.050000
0 0.548438 0.578125 0.031250 0.039583
0 0.647656 0.554167 0.032813 0.037500
0 0.432031 0.693750 0.032813 0.045833
0 0.491406 0.526042 0.029687 0.043750
0 0.439844 0.617708 0.035937 0.043750
0 0.639062 0.766667 0.031250 0.041667
0 0.612500 0.753125 0.028125 0.039583
0 0.440625 0.735417 0.034375 0.045833
0 0.592187 0.729167 0.031250 0.041667
