0 0.369531 0.548958 0.042188 0.052083
0 0.461719 0.801042 0.035937 0.052083
0 0.516406 0.568750 0.032813 0.037500
0 0.567187 0.496875 0.040625 0.043750
0 0.530469 0.668750 0.035937 0.050000
0 0.386719 0.584375 0.042188 0.043750
0 0.589844 0.526042 0.035937 0.039583
0 0.425000 0.469792 0.034375 0.047917
0 0.550781 0.541667 0.039062 0.041667
0 0.535156 0.468750 0.039062 0.041667
0 0.561719 0.763542 0.035937 0.039583
0 0.605469 0.579167 0.039062 0.045833
0 0.361719 0.648958 0.035937 0.043750
0 0.527344 0.603125 0.035937 0.043750
0 0.446094 0.744792 0.032813 0.043750
0 0.396094 0.753125 0.032813 0.043750
0 0.525000 0.713542 0.037500 0.047917
0 0.535937 0.790625 0.040625 0.039583
0 0.418750 0.720833 0.031250 0.041667
0 0.435156 0.675000 0.029687 0.041667
0 0.476562 0.515625 0.037500 0.056250
0 0.385156 0.712500 0.029687 0.041667
0 0.359375 0.690625 0.031250 0.039583
0 0.355469 0.611458 0.039062 0.039583
0 0.402344 0.678125 0.039062 0.047917
0 0.476562 0.756250 0.034375 0.045833
0 0.489844 0.658333 0.032813 0.037500
0 0.589063 0.727083 0.034375 0.045833
0 0.453125 0.472917 0.025000 0.041667
0 0.473438 0.709375 0.031250 0.043750
0 0.610938 0.626042 0.031250 0.043750
0 0.557813 0.585417 0.031250 0.041667
0 0.610938 0.669792 0.037500 0.047917
0 0.382031 0.617708 0.032813 0.035417
0 0.559375 0.713542 0.034375 0.047917
0 0.481250 0.462500 0.034375 0.045833
0 0.422656 0.777083 0.035937 0.041667
0 0.580469 0.635417 0.032813 0.045833
0 0.569531 0.667708 0.032813 0.043750
0 0.499219 0.592708 0.032813 0.039583
