0 0.5032 0.5148 0.0336 0.0351
0 0.5887 0.5859 0.0337 0.0355
0 0.4444 0.6685 0.0376 0.0549
0 0.5281 0.5417 0.0324 0.0356
0 0.3956 0.6952 0.0356 0.0501
0 0.4180 0.4843 0.0380 0.0474
0 0.4499 0.4684 0.0337 0.0378
0 0.5346 0.5803 0.0281 0.0393
0 0.5626 0.6073 0.0315 0.0387
0 0.4152 0.5318 0.0354 0.0449
0 0.3447 0.5778 0.0426 0.0447
0 0.5304 0.4972 0.0375 0.0363
0 0.4872 0.6064 0.0311 0.0442
0 0.4818 0.4637 0.0317 0.0361
0 0.5564 0.5222 0.0374 0.0373
0 0.5036 0.5708 0.0347 0.0386
0 0.4498 0.5413 0.0336 0.0425
0 0.5074 0.4766 0.0375 0.0343
0 0.5346 0.7016 0.0325 0.0485
0 0.4972 0.6421 0.0307 0.0473
0 0.5620 0.6806 0.0341 0.0455
0 0.5594 0.6409 0.0281 0.0354
0 0.5917 0.6357 0.0410 0.0547
0 0.5169 0.6162 0.0287 0.0411
0 0.4451 0.5031 0.0346 0.0363
0 0.5772 0.5521 0.0332 0.0377
0 0.5331 0.6529 0.0285 0.0456
0 0.4741 0.5027 0.0274 0.0350
