0 0.4939 0.8299 0.0425 0.0501
0 0.6112 0.6620 0.0365 0.0536
0 0.6372 0.5364 0.0371 0.0499
0 0.5165 0.7272 0.0352 0.0486
0 0.5116 0.5742 0.0325 0.0400
0 0.6362 0.7545 0.0374 0.0465
0 0.4381 0.6403 0.0375 0.0441
0 0.5339 0.6123 0.0346 0.0444
0 0.6529 0.7979 0.0338 0.0491
0 0.4798 0.7814 0.0381 0.0523
0 0.5942 0.8451 0.0354 0.0545
0 0.6735 0.5921 0.0374 0.0484
0 0.6239 0.8237 0.0317 0.0386
0 0.5939 0.5210 0.0352 0.0393
0 0.5495 0.5032 0.0385 0.0430
0 0.5991 0.7980 0.0281 0.0462
0 0.4772 0.5851 0.0312 0.0444
0 0.4604 0.5529 0.0372 0.0428
0 0.6650 0.7294 0.0313 0.0413
0 0.6337 0.6936 0.0349 0.0555
0 0.5012 0.6109 0.0284 0.0485
