0 0.606250 0.540625 0.037500 0.047917
0 0.612500 0.586458 0.031250 0.043750
0 0.582812 0.596875 0.028125 0.047917
0 0.642969 0.607292 0.029687 0.043750
0 0.537500 0.496875 0.037500 0.047917
0 0.483594 0.498958 0.029687 0.039583
0 0.458594 0.519792 0.035937 0.039583
0 0.457031 0.560417 0.039062 0.054167
0 0.501563 0.537500 0.028125 0.037500
0 0.499219 0.606250 0.029687 0.041667
0 0.534375 0.642708 0.037500 0.043750
0 0.583594 0.756250 0.032813 0.054167
0 0.572656 0.837500 0.039062 0.050000
0 0.515625 0.847917 0.037500 0.054167
0 0.428906 0.767708 0.032813 0.043750
0 0.433594 0.806250 0.035937 0.050000
0 0.476562 0.708333 0.040625 0.054167
0 0.496094 0.743750 0.032813 0.045833
0 0.433594 0.658333 0.029687 0.054167
0 0.413281 0.622917 0.029687 0.041667
0 0.395313 0.657292 0.034375 0.039583
