0 0.5286 0.4170 0.0404 0.0511
0 0.6270 0.3632 0.0386 0.0456
0 0.4772 0.7099 0.0411 0.0427
0 0.6762 0.5121 0.0402 0.0518
0 0.4334 0.5285 0.0391 0.0481
0 0.6098 0.4642 0.0462 0.0579
0 0.6160 0.7623 0.0349 0.0509
0 0.4722 0.7488 0.0374 0.0427
0 0.4632 0.3374 0.0323 0.0379
0 0.5016 0.3893 0.0358 0.0475
0 0.6383 0.4183 0.0373 0.0451
0 0.6603 0.6497 0.0367 0.0444
0 0.4996 0.6465 0.0342 0.0419
0 0.4947 0.3311 0.0305 0.0385
0 0.4559 0.3855 0.0404 0.0418
0 0.4446 0.3120 0.0328 0.0412
0 0.5287 0.3295 0.0352 0.0462
0 0.5094 0.2996 0.0295 0.0407
0 0.5761 0.6829 0.0376 0.0408
0 0.4797 0.3024 0.0320 0.0465
0 0.5974 0.3371 0.0354 0.0440
0 0.5631 0.7247 0.0403 0.0413
0 0.4055 0.3591 0.0337 0.0431
0 0.5232 0.7278 0.0320 0.0422
0 0.6069 0.6947 0.0344 0.0433
0 0.6276 0.6161 0.0382 0.0402
0 0.6267 0.6560 0.0359 0.0399
0 0.6896 0.5985 0.0417 0.0399
0 0.6323 0.7229 0.0396 0.0407
0 0.5660 0.3142 0.0330 0.0428
0 0.6367 0.5800 0.0399 0.0424
0 0.5530 0.7665 0.0353 0.0491
0 0.5911 0.7383 0.0288 0.0385
0 0.6564 0.6944 0.0371 0.0453
0 0.5391 0.2916 0.0269 0.0363
0 0.4115 0.3130 0.0285 0.0416
0 0.6895 0.6337 0.0369 0.0411
0 0.5841 0.7724 0.0348 0.0482
0 0.5238 0.7663 0.0376 0.0440
0 0.6584 0.6038 0.0327 0.0390
