0 0.414844 0.320833 0.029687 0.045833
0 0.452344 0.311458 0.029687 0.047917
0 0.482031 0.310417 0.026562 0.037500
0 0.467187 0.347917 0.028125 0.041667
0 0.525000 0.367708 0.043750 0.043750
0 0.496094 0.400000 0.035937 0.050000
0 0.528906 0.415625 0.032813 0.047917
0 0.510938 0.443750 0.028125 0.041667
0 0.450000 0.478125 0.037500 0.056250
0 0.435156 0.372917 0.035937 0.045833
0 0.400781 0.365625 0.032813 0.035417
0 0.371094 0.371875 0.032813 0.047917
0 0.339062 0.373958 0.037500 0.039583
0 0.334375 0.412500 0.034375 0.041667
0 0.305469 0.414583 0.026562 0.041667
0 0.311719 0.457292 0.039062 0.043750
0 0.300000 0.487500 0.028125 0.041667
0 0.302344 0.532292 0.035937 0.052083
0 0.344531 0.478125 0.026562 0.043750
0 0.329688 0.510417 0.031250 0.037500
0 0.401562 0.403125 0.043750 0.052083
0 0.373437 0.439583 0.031250 0.041667
0 0.403125 0.447917 0.031250 0.045833
0 0.505469 0.588542 0.035937 0.047917
0 0.599219 0.638542 0.032813 0.052083
0 0.514062 0.707292 0.037500 0.047917
0 0.483594 0.697917 0.029687 0.058333
0 0.467187 0.762500 0.031250 0.062500
0 0.439844 0.711458 0.026562 0.035417
0 0.400781 0.728125 0.032813 0.047917
0 0.365625 0.720833 0.031250 0.050000
0 0.359375 0.666667 0.031250 0.045833
0 0.396094 0.682292 0.039062 0.052083
0 0.413281 0.610417 0.029687 0.037500
0 0.389062 0.582292 0.034375 0.043750
0 0.355469 0.557292 0.029687 0.043750
0 0.355469 0.595833 0.035937 0.041667
0 0.328906 0.566667 0.029687 0.037500
0 0.292969 0.568750 0.032813 0.041667
0 0.304688 0.608333 0.034375 0.054167
