0 0.5831 0.7568 0.0355 0.0572
0 0.5349 0.6440 0.0416 0.0451
0 0.5147 0.8491 0.0385 0.0536
0 0.4764 0.7092 0.0432 0.0543
0 0.4992 0.6081 0.0325 0.0398
0 0.5740 0.8367 0.0422 0.0498
0 0.4579 0.5619 0.0447 0.0548
0 0.4333 0.8066 0.0384 0.0465
0 0.6062 0.5422 0.0400 0.0469
0 0.4358 0.6591 0.0350 0.0458
0 0.4966 0.7458 0.0373 0.0458
0 0.5390 0.4979 0.0397 0.0485
0 0.4147 0.6217 0.0353 0.0389
0 0.6124 0.5889 0.0318 0.0436
0 0.6428 0.6101 0.0313 0.0460
0 0.3969 0.6589 0.0388 0.0400
0 0.5013 0.5397 0.0315 0.0392
0 0.4594 0.5220 0.0400 0.0375
0 0.4834 0.4991 0.0331 0.0392
0 0.5829 0.5985 0.0304 0.0427
0 0.4296 0.7683 0.0337 0.0462
