0 0.407813 0.719792 0.040625 0.060417
0 0.358594 0.607292 0.042188 0.039583
0 0.484375 0.723958 0.037500 0.052083
0 0.449219 0.393750 0.035937 0.033333
0 0.532031 0.381250 0.039062 0.041667
0 0.471094 0.762500 0.035937 0.054167
0 0.414844 0.660417 0.042188 0.045833
0 0.585156 0.726042 0.039062 0.052083
0 0.464062 0.314583 0.040625 0.050000
0 0.549219 0.782292 0.039062 0.052083
0 0.552344 0.738542 0.035937 0.052083
0 0.350781 0.506250 0.042188 0.045833
0 0.387500 0.446875 0.028125 0.039583
0 0.593750 0.412500 0.034375 0.037500
0 0.603125 0.367708 0.037500 0.043750
0 0.507812 0.358333 0.037500 0.050000
0 0.357812 0.435417 0.040625 0.041667
0 0.391406 0.616667 0.042188 0.050000
0 0.381250 0.654167 0.037500 0.050000
0 0.346875 0.469792 0.034375 0.039583
0 0.367188 0.569792 0.040625 0.039583
0 0.500000 0.289583 0.034375 0.037500
0 0.439063 0.689583 0.040625 0.045833
0 0.339844 0.545833 0.035937 0.041667
0 0.397656 0.412500 0.035937 0.041667
0 0.432031 0.419792 0.035937 0.039583
0 0.585156 0.332292 0.039062 0.043750
0 0.500000 0.765625 0.031250 0.047917
0 0.412500 0.452083 0.034375 0.041667
0 0.524219 0.707292 0.035937 0.039583
0 0.555469 0.304167 0.029687 0.037500
0 0.421875 0.382292 0.037500 0.035417
0 0.492188 0.328125 0.028125 0.035417
0 0.523438 0.422917 0.031250 0.045833
0 0.551562 0.342708 0.034375 0.039583
0 0.525781 0.316667 0.032813 0.041667
0 0.575000 0.765625 0.034375 0.056250
0 0.444531 0.760417 0.042188 0.058333
0 0.457813 0.728125 0.034375 0.043750
0 0.372656 0.488542 0.029687 0.043750
