0 0.4716 0.6074 0.0315 0.0386
0 0.5826 0.6681 0.0375 0.0521
0 0.5784 0.7632 0.0368 0.0470
0 0.4312 0.5940 0.0476 0.0439
0 0.5909 0.7197 0.0399 0.0451
0 0.5717 0.5939 0.0378 0.0499
0 0.5363 0.5632 0.0424 0.0376
0 0.6064 0.6273 0.0373 0.0480
0 0.3778 0.7471 0.0383 0.0429
0 0.4344 0.7217 0.0292 0.0352
0 0.4580 0.7531 0.0381 0.0438
0 0.4405 0.6781 0.0334 0.0388
0 0.4934 0.6335 0.0269 0.0355
0 0.5554 0.6630 0.0291 0.0458
0 0.3832 0.7059 0.0368 0.0433
0 0.5224 0.6423 0.0334 0.0442
0 0.5417 0.6022 0.0283 0.0403
0 0.4247 0.6437 0.0320 0.0433
0 0.3950 0.6394 0.0343 0.0475
0 0.4062 0.7284 0.0300 0.0436
0 0.4651 0.6878 0.0282 0.0453
