0 0.593750 0.412500 0.031250 0.037500
0 0.500000 0.289583 0.031250 0.037500
0 0.462500 0.314583 0.037500 0.050000
0 0.493750 0.326042 0.028125 0.035417
0 0.556250 0.304167 0.028125 0.041667
0 0.526563 0.316667 0.034375 0.045833
0 0.584375 0.332292 0.031250 0.047917
0 0.552344 0.341667 0.032813 0.045833
0 0.603125 0.368750 0.034375 0.045833
0 0.507812 0.358333 0.034375 0.050000
0 0.533594 0.381250 0.035937 0.045833
0 0.525000 0.422917 0.031250 0.045833
0 0.421875 0.383333 0.031250 0.037500
0 0.449219 0.395833 0.029687 0.037500
0 0.397656 0.411458 0.032813 0.039583
0 0.431250 0.421875 0.031250 0.043750
0 0.415625 0.451042 0.031250 0.043750
0 0.389062 0.445833 0.025000 0.037500
0 0.358594 0.434375 0.035937 0.043750
0 0.349219 0.469792 0.029687 0.039583
0 0.371875 0.480208 0.028125 0.043750
0 0.350781 0.506250 0.039062 0.045833
0 0.340625 0.545833 0.031250 0.041667
0 0.367188 0.568750 0.037500 0.037500
0 0.357031 0.606250 0.039062 0.041667
0 0.390625 0.615625 0.037500 0.047917
0 0.380469 0.654167 0.032813 0.050000
0 0.415625 0.661458 0.037500 0.047917
0 0.439063 0.690625 0.031250 0.047917
0 0.407813 0.719792 0.037500 0.060417
0 0.442969 0.762500 0.039062 0.050000
0 0.457031 0.728125 0.029687 0.043750
0 0.485938 0.723958 0.034375 0.052083
0 0.472656 0.762500 0.032813 0.058333
0 0.500000 0.764583 0.028125 0.050000
0 0.525781 0.707292 0.032813 0.043750
0 0.552344 0.738542 0.032813 0.047917
0 0.549219 0.783333 0.039062 0.050000
0 0.575000 0.766667 0.028125 0.054167
0 0.585938 0.727083 0.034375 0.050000
