0 0.3503 0.6091 0.0347 0.0378
0 0.3715 0.8609 0.0388 0.0517
0 0.4822 0.5432 0.0388 0.0355
0 0.4544 0.5635 0.0306 0.0359
0 0.3281 0.7905 0.0397 0.0588
0 0.3474 0.6437 0.0325 0.0369
0 0.3214 0.6604 0.0355 0.0474
0 0.4680 0.6007 0.0315 0.0388
0 0.5039 0.6107 0.0330 0.0383
0 0.5412 0.6237 0.0460 0.0470
0 0.3932 0.5514 0.0325 0.0362
0 0.4861 0.6499 0.0349 0.0387
0 0.5145 0.5656 0.0349 0.0393
0 0.3741 0.5830 0.0352 0.0388
0 0.3775 0.6219 0.0358 0.0376
0 0.3569 0.7270 0.0373 0.0425
0 0.4346 0.5989 0.0322 0.0439
0 0.4871 0.5786 0.0318 0.0325
0 0.3968 0.5907 0.0297 0.0378
0 0.3749 0.6712 0.0339 0.0469
0 0.4218 0.5403 0.0326 0.0439
