0 0.3595 0.6069 0.0438 0.0476
0 0.5660 0.5262 0.0415 0.0471
0 0.5956 0.6430 0.0382 0.0591
0 0.4792 0.6869 0.0357 0.0524
0 0.3540 0.6502 0.0391 0.0424
0 0.4269 0.7806 0.0325 0.0329
0 0.5174 0.8203 0.0401 0.0576
0 0.4401 0.8221 0.0386 0.0459
0 0.6032 0.5908 0.0387 0.0437
0 0.5764 0.7248 0.0368 0.0517
0 0.3502 0.6897 0.0343 0.0423
0 0.5149 0.4868 0.0332 0.0483
0 0.4010 0.5203 0.0400 0.0487
0 0.3828 0.6961 0.0274 0.0388
0 0.4659 0.7905 0.0393 0.0456
0 0.4604 0.5747 0.0356 0.0421
0 0.4104 0.7490 0.0360 0.0435
0 0.4906 0.5557 0.0332 0.0433
0 0.3950 0.6636 0.0342 0.0475
0 0.4248 0.5549 0.0357 0.0425
0 0.3963 0.7894 0.0354 0.0401
0 0.4247 0.7067 0.0349 0.0454
0 0.3756 0.7550 0.0336 0.0459
0 0.4710 0.8312 0.0316 0.0425
0 0.4555 0.7172 0.0295 0.0398
0 0.4949 0.7767 0.0349 0.0458
0 0.4843 0.4823 0.0346 0.0443
0 0.4440 0.7519 0.0302 0.0396
