0 0.4968 0.6884 0.0381 0.0515
0 0.4863 0.5527 0.0377 0.0528
0 0.5794 0.4761 0.0365 0.0496
0 0.6142 0.5472 0.0342 0.0350
0 0.6610 0.4981 0.0390 0.0494
0 0.6047 0.5038 0.0324 0.0375
0 0.7027 0.5475 0.0360 0.0486
0 0.5969 0.6328 0.0320 0.0462
0 0.4906 0.6173 0.0390 0.0443
0 0.6470 0.6721 0.0435 0.0516
0 0.6334 0.7980 0.0332 0.0457
0 0.4692 0.6523 0.0388 0.0414
0 0.6005 0.8242 0.0360 0.0460
0 0.5089 0.7555 0.0335 0.0452
0 0.6285 0.6304 0.0312 0.0423
0 0.5317 0.7862 0.0335 0.0431
0 0.6020 0.7095 0.0307 0.0439
0 0.6914 0.7003 0.0358 0.0453
0 0.5900 0.7491 0.0330 0.0468
0 0.6768 0.7672 0.0322 0.0506
0 0.5596 0.8046 0.0327 0.0492
