0 0.448437 0.815625 0.037500 0.052083
0 0.393750 0.709375 0.040625 0.043750
0 0.508594 0.588542 0.026562 0.031250
0 0.472656 0.707292 0.029687 0.039583
0 0.528125 0.896875 0.037500 0.052083
0 0.494531 0.641667 0.029687 0.037500
0 0.509375 0.682292 0.034375 0.039583
0 0.489844 0.859375 0.029687 0.043750
0 0.417187 0.635417 0.034375 0.037500
0 0.525781 0.617708 0.026562 0.035417
0 0.546875 0.713542 0.031250 0.035417
0 0.599219 0.795833 0.026562 0.037500
0 0.610156 0.765625 0.023438 0.039583
0 0.473438 0.617708 0.025000 0.035417
0 0.628906 0.837500 0.029687 0.041667
0 0.649219 0.694792 0.026562 0.039583
0 0.551562 0.611458 0.028125 0.035417
0 0.392188 0.755208 0.034375 0.043750
0 0.423438 0.746875 0.034375 0.047917
0 0.443750 0.598958 0.028125 0.039583
0 0.456250 0.866667 0.034375 0.045833
0 0.564063 0.569792 0.025000 0.035417
0 0.644531 0.781250 0.029687 0.041667
0 0.626563 0.728125 0.028125 0.043750
0 0.565625 0.863542 0.034375 0.047917
0 0.522656 0.556250 0.029687 0.041667
0 0.584375 0.595833 0.031250 0.033333
0 0.596094 0.636458 0.032813 0.035417
