0 0.435156 0.743750 0.029687 0.037500
0 0.407813 0.629167 0.040625 0.054167
0 0.440625 0.546875 0.034375 0.047917
0 0.564844 0.562500 0.035937 0.050000
0 0.447656 0.454167 0.029687 0.037500
0 0.358594 0.734375 0.029687 0.039583
0 0.503125 0.645833 0.031250 0.037500
0 0.505469 0.455208 0.039062 0.043750
0 0.401562 0.677083 0.034375 0.045833
0 0.361719 0.571875 0.035937 0.052083
0 0.462500 0.718750 0.031250 0.050000
0 0.528906 0.751042 0.035937 0.047917
0 0.519531 0.607292 0.039062 0.043750
0 0.386719 0.757292 0.032813 0.043750
0 0.501563 0.773958 0.031250 0.039583
0 0.495312 0.713542 0.028125 0.043750
0 0.372656 0.647917 0.035937 0.045833
0 0.574219 0.635417 0.039062 0.041667
0 0.420312 0.464583 0.025000 0.033333
0 0.343750 0.646875 0.028125 0.035417
0 0.442188 0.782292 0.028125 0.043750
0 0.560937 0.514583 0.034375 0.037500
0 0.367969 0.692708 0.035937 0.039583
0 0.470313 0.780208 0.028125 0.043750
0 0.320312 0.620833 0.031250 0.041667
0 0.391406 0.457292 0.032813 0.039583
0 0.483594 0.671875 0.029687 0.035417
0 0.331250 0.580208 0.037500 0.047917
0 0.561719 0.672917 0.035937 0.041667
0 0.528125 0.563542 0.037500 0.043750
0 0.350781 0.609375 0.026562 0.039583
0 0.535937 0.498958 0.037500 0.043750
0 0.469531 0.555208 0.032813 0.043750
0 0.412500 0.720833 0.031250 0.037500
0 0.412500 0.779167 0.031250 0.045833
0 0.488281 0.515625 0.039062 0.047917
0 0.528125 0.692708 0.031250 0.043750
0 0.533594 0.654167 0.035937 0.045833
0 0.335156 0.689583 0.029687 0.041667
0 0.487500 0.573958 0.034375 0.047917
