0 0.641406 0.534375 0.042188 0.052083
0 0.675000 0.592708 0.040625 0.056250
0 0.659375 0.757292 0.037500 0.052083
0 0.614062 0.813542 0.031250 0.043750
0 0.564844 0.792708 0.029687 0.039583
0 0.563281 0.833333 0.029687 0.045833
0 0.488281 0.810417 0.032813 0.041667
0 0.465625 0.780208 0.025000 0.043750
0 0.490625 0.762500 0.031250 0.062500
0 0.447656 0.752083 0.026562 0.041667
0 0.432812 0.711458 0.034375 0.052083
0 0.424219 0.654167 0.042188 0.050000
0 0.486719 0.565625 0.035937 0.047917
0 0.501563 0.513542 0.034375 0.039583
0 0.518750 0.486458 0.034375 0.043750
0 0.538281 0.536458 0.029687 0.043750
0 0.512500 0.548958 0.025000 0.031250
0 0.500000 0.626042 0.034375 0.043750
0 0.519531 0.666667 0.035937 0.045833
0 0.530469 0.614583 0.032813 0.045833
0 0.557813 0.601042 0.034375 0.052083
