0 0.518750 0.307292 0.025000 0.052083
0 0.488281 0.311458 0.032813 0.043750
0 0.499219 0.340625 0.026562 0.043750
0 0.436719 0.301042 0.026562 0.043750
0 0.467187 0.363542 0.028125 0.047917
0 0.553125 0.368750 0.028125 0.041667
0 0.524219 0.395833 0.032813 0.045833
0 0.555469 0.409375 0.032813 0.047917
0 0.536719 0.442708 0.029687 0.052083
0 0.480469 0.458333 0.032813 0.054167
0 0.428125 0.356250 0.025000 0.033333
0 0.428906 0.395833 0.039062 0.041667
0 0.404687 0.419792 0.025000 0.039583
0 0.429688 0.436458 0.031250 0.043750
0 0.399219 0.363542 0.032813 0.039583
0 0.369531 0.359375 0.032813 0.043750
0 0.361719 0.394792 0.035937 0.039583
0 0.333594 0.397917 0.032813 0.041667
0 0.338281 0.434375 0.039062 0.043750
0 0.323437 0.467708 0.034375 0.039583
0 0.369531 0.462500 0.039062 0.041667
0 0.353125 0.490625 0.040625 0.039583
0 0.323437 0.508333 0.037500 0.045833
0 0.307812 0.544792 0.037500 0.043750
0 0.321094 0.590625 0.039062 0.060417
0 0.347656 0.545833 0.032813 0.037500
0 0.371875 0.539583 0.031250 0.041667
0 0.371875 0.583333 0.040625 0.054167
0 0.404687 0.566667 0.034375 0.041667
0 0.434375 0.600000 0.034375 0.045833
0 0.372656 0.631250 0.039062 0.045833
0 0.531250 0.581250 0.040625 0.050000
0 0.616406 0.641667 0.035937 0.050000
0 0.532031 0.707292 0.042188 0.060417
0 0.497656 0.695833 0.029687 0.045833
0 0.480469 0.757292 0.029687 0.060417
0 0.450000 0.706250 0.021875 0.037500
0 0.409375 0.671875 0.037500 0.043750
0 0.414062 0.715625 0.034375 0.052083
0 0.380469 0.710417 0.029687 0.045833
