0 0.393750 0.608333 0.040625 0.054167
0 0.488281 0.881250 0.042188 0.050000
0 0.604688 0.735417 0.031250 0.037500
0 0.526563 0.535417 0.040625 0.041667
0 0.527344 0.578125 0.029687 0.035417
0 0.578906 0.792708 0.035937 0.052083
0 0.602344 0.818750 0.032813 0.045833
0 0.600781 0.680208 0.032813 0.035417
0 0.586719 0.568750 0.032813 0.037500
0 0.607031 0.597917 0.035937 0.037500
0 0.596875 0.632292 0.031250 0.035417
0 0.578125 0.709375 0.031250 0.039583
0 0.546875 0.635417 0.040625 0.041667
0 0.630469 0.693750 0.032813 0.037500
0 0.575000 0.657292 0.037500 0.043750
0 0.632812 0.731250 0.031250 0.041667
0 0.625000 0.651042 0.034375 0.039583
0 0.556250 0.580208 0.028125 0.035417
0 0.623437 0.780208 0.031250 0.043750
0 0.574219 0.751042 0.035937 0.043750
0 0.557813 0.539583 0.034375 0.037500
