0 0.598437 0.631250 0.034375 0.058333
0 0.508594 0.591667 0.029687 0.037500
0 0.529687 0.672917 0.031250 0.054167
0 0.489844 0.689583 0.026562 0.050000
0 0.459375 0.672917 0.025000 0.037500
0 0.469531 0.761458 0.032813 0.064583
0 0.401562 0.737500 0.037500 0.050000
0 0.378125 0.702083 0.028125 0.045833
0 0.410156 0.668750 0.035937 0.050000
0 0.358594 0.667708 0.035937 0.043750
0 0.300781 0.615625 0.045312 0.056250
0 0.357812 0.598958 0.037500 0.052083
0 0.385156 0.578125 0.029687 0.039583
0 0.403906 0.605208 0.039062 0.043750
0 0.291406 0.566667 0.035937 0.037500
0 0.327344 0.559375 0.029687 0.035417
0 0.354687 0.546875 0.028125 0.043750
0 0.330469 0.507292 0.026562 0.039583
0 0.304688 0.534375 0.031250 0.047917
0 0.300000 0.493750 0.031250 0.041667
0 0.314844 0.454167 0.032813 0.050000
0 0.303125 0.416667 0.018750 0.045833
0 0.328125 0.412500 0.031250 0.058333
0 0.335156 0.371875 0.029687 0.052083
0 0.367188 0.375000 0.031250 0.050000
0 0.397656 0.368750 0.032813 0.045833
0 0.396875 0.403125 0.040625 0.043750
0 0.371094 0.434375 0.029687 0.035417
0 0.358594 0.466667 0.026562 0.041667
0 0.401562 0.448958 0.034375 0.043750
0 0.451562 0.465625 0.037500 0.039583
0 0.507812 0.434375 0.028125 0.047917
0 0.528906 0.407292 0.029687 0.047917
0 0.496094 0.391667 0.032813 0.041667
0 0.525000 0.364583 0.034375 0.041667
0 0.432031 0.372917 0.032813 0.045833
0 0.413281 0.325000 0.026562 0.041667
0 0.448437 0.311458 0.031250 0.052083
0 0.464062 0.354167 0.034375 0.050000
0 0.482812 0.311458 0.028125 0.039583
