0 0.4879 0.5493 0.0319 0.0367
0 0.4183 0.5365 0.0396 0.0452
0 0.5842 0.5836 0.0379 0.0464
0 0.6591 0.6066 0.0350 0.0457
0 0.4187 0.4897 0.0384 0.0441
0 0.6182 0.5857 0.0338 0.0394
0 0.4545 0.6317 0.0397 0.0428
0 0.6179 0.7006 0.0325 0.0402
0 0.5059 0.6948 0.0346 0.0509
0 0.6569 0.5298 0.0319 0.0433
0 0.4256 0.6575 0.0343 0.0412
0 0.4669 0.6772 0.0336 0.0402
0 0.5406 0.5224 0.0292 0.0383
0 0.5676 0.6249 0.0330 0.0456
0 0.4979 0.7423 0.0370 0.0459
0 0.4326 0.6043 0.0363 0.0455
0 0.5843 0.4730 0.0351 0.0472
0 0.5115 0.5281 0.0296 0.0416
0 0.4558 0.5077 0.0340 0.0416
0 0.5212 0.3989 0.0397 0.0385
0 0.5937 0.7295 0.0375 0.0428
0 0.5507 0.4540 0.0358 0.0514
0 0.5610 0.5551 0.0338 0.0420
0 0.5255 0.6273 0.0363 0.0413
0 0.5623 0.4101 0.0360 0.0399
0 0.6096 0.6623 0.0328 0.0437
0 0.5415 0.5935 0.0401 0.0414
0 0.6078 0.4351 0.0348 0.0424
0 0.6288 0.6262 0.0334 0.0411
0 0.6272 0.5026 0.0369 0.0396
0 0.4056 0.6288 0.0352 0.0423
0 0.4484 0.4708 0.0329 0.0400
0 0.6226 0.5415 0.0359 0.0386
0 0.4663 0.7178 0.0334 0.0402
0 0.4672 0.4206 0.0328 0.0429
0 0.4945 0.4213 0.0306 0.0395
0 0.6336 0.4695 0.0381 0.0339
0 0.6409 0.6661 0.0307 0.0450
0 0.5952 0.5151 0.0357 0.0395
0 0.4381 0.6941 0.0313 0.0367
