0 0.4083 0.7797 0.0377 0.0499
0 0.5320 0.5422 0.0378 0.0565
0 0.5136 0.5830 0.0315 0.0379
0 0.4324 0.5235 0.0422 0.0484
0 0.4606 0.7620 0.0342 0.0415
0 0.3710 0.6404 0.0335 0.0535
0 0.5054 0.5029 0.0347 0.0469
0 0.4867 0.6056 0.0329 0.0404
0 0.5842 0.5819 0.0380 0.0520
0 0.4001 0.5559 0.0398 0.0425
0 0.5351 0.7185 0.0375 0.0492
0 0.4273 0.7402 0.0325 0.0419
0 0.5126 0.4593 0.0378 0.0410
0 0.5364 0.7639 0.0298 0.0376
0 0.4895 0.6992 0.0360 0.0381
0 0.4013 0.7364 0.0282 0.0455
0 0.3691 0.7221 0.0327 0.0492
0 0.4625 0.7218 0.0339 0.0413
0 0.4029 0.4702 0.0362 0.0458
0 0.5529 0.6503 0.0323 0.0392
0 0.5116 0.7831 0.0259 0.0406
0 0.4171 0.5864 0.0358 0.0470
0 0.4864 0.6579 0.0354 0.0386
0 0.5689 0.5137 0.0361 0.0484
0 0.4830 0.7964 0.0331 0.0456
0 0.5796 0.6986 0.0357 0.0437
0 0.4061 0.6639 0.0365 0.0408
0 0.4326 0.6369 0.0316 0.0423
0 0.3558 0.5299 0.0373 0.0438
0 0.5751 0.6265 0.0324 0.0413
0 0.4528 0.7977 0.0309 0.0435
0 0.4341 0.4781 0.0318 0.0397
0 0.5033 0.7362 0.0314 0.0427
0 0.5367 0.6131 0.0346 0.0422
0 0.3368 0.6334 0.0344 0.0470
0 0.4140 0.7026 0.0351 0.0416
0 0.4628 0.6341 0.0282 0.0372
0 0.5643 0.7338 0.0299 0.0429
0 0.5276 0.6744 0.0326 0.0405
0 0.4494 0.6751 0.0324 0.0390
