0 0.5539 0.7410 0.0307 0.0458
0 0.3575 0.7243 0.0290 0.0429
0 0.4323 0.5516 0.0290 0.0424
0 0.3777 0.6260 0.0343 0.0499
0 0.4006 0.4689 0.0357 0.0492
0 0.4745 0.6088 0.0298 0.0424
0 0.4082 0.5329 0.0374 0.0483
0 0.5711 0.6614 0.0329 0.0445
0 0.4006 0.6589 0.0313 0.0408
0 0.4216 0.7859 0.0328 0.0393
0 0.5681 0.7085 0.0366 0.0451
0 0.5641 0.6225 0.0320 0.0399
0 0.5079 0.5094 0.0360 0.0486
0 0.4915 0.7016 0.0337 0.0414
0 0.3830 0.7533 0.0367 0.0472
0 0.5876 0.5828 0.0363 0.0466
0 0.5947 0.6308 0.0331 0.0385
0 0.4167 0.7092 0.0371 0.0463
0 0.3413 0.6752 0.0372 0.0449
0 0.4558 0.4578 0.0379 0.0431
0 0.4285 0.4771 0.0290 0.0403
0 0.5502 0.5626 0.0419 0.0483
0 0.5236 0.7167 0.0326 0.0425
0 0.5296 0.6394 0.0319 0.0371
0 0.5006 0.5561 0.0378 0.0375
0 0.5094 0.7803 0.0351 0.0475
0 0.5250 0.4634 0.0363 0.0437
0 0.4546 0.7511 0.0341 0.0425
0 0.5406 0.5225 0.0405 0.0446
0 0.4870 0.7401 0.0366 0.0397
0 0.5163 0.6757 0.0340 0.0410
0 0.4509 0.7901 0.0313 0.0419
0 0.5655 0.5088 0.0321 0.0422
0 0.5254 0.5942 0.0327 0.0324
0 0.5414 0.6754 0.0319 0.0445
0 0.5024 0.6206 0.0356 0.0387
0 0.3446 0.6370 0.0344 0.0389
0 0.4796 0.7895 0.0291 0.0391
0 0.4801 0.6555 0.0369 0.0465
0 0.3903 0.7130 0.0346 0.0466
