0 0.6773 0.7732 0.0343 0.0482
0 0.5026 0.7292 0.0360 0.0534
0 0.4578 0.6816 0.0408 0.0475
0 0.5486 0.5859 0.0289 0.0397
0 0.5091 0.7913 0.0368 0.0484
0 0.4919 0.6044 0.0332 0.0395
0 0.5498 0.5070 0.0375 0.0469
0 0.5363 0.8371 0.0381 0.0531
0 0.6454 0.6750 0.0338 0.0574
0 0.6458 0.8014 0.0373 0.0511
0 0.5927 0.8253 0.0365 0.0518
0 0.6792 0.5633 0.0368 0.0460
0 0.5936 0.7518 0.0329 0.0445
0 0.6875 0.7147 0.0350 0.0466
0 0.5952 0.5148 0.0362 0.0397
0 0.6408 0.5172 0.0371 0.0488
0 0.6458 0.7507 0.0389 0.0487
0 0.6197 0.6473 0.0355 0.0465
0 0.5181 0.6263 0.0312 0.0466
0 0.4601 0.5652 0.0374 0.0434
0 0.5571 0.6251 0.0321 0.0444
