0 0.5132 0.6817 0.0377 0.0467
0 0.6249 0.6116 0.0402 0.0530
0 0.4838 0.5129 0.0349 0.0374
0 0.6199 0.6578 0.0391 0.0484
0 0.3826 0.5421 0.0399 0.0435
0 0.4106 0.7515 0.0378 0.0529
0 0.3713 0.5992 0.0419 0.0478
0 0.4117 0.4959 0.0381 0.0468
0 0.3976 0.6356 0.0375 0.0476
0 0.5205 0.4505 0.0347 0.0369
0 0.4815 0.5716 0.0340 0.0454
0 0.5664 0.7715 0.0348 0.0471
0 0.5501 0.5052 0.0362 0.0406
0 0.5210 0.7910 0.0404 0.0553
0 0.5214 0.5131 0.0289 0.0376
0 0.5616 0.5496 0.0374 0.0385
0 0.5881 0.6415 0.0309 0.0415
0 0.5871 0.6808 0.0364 0.0451
0 0.5059 0.5404 0.0309 0.0364
0 0.3666 0.6465 0.0356 0.0446
0 0.6211 0.5669 0.0398 0.0418
0 0.4837 0.7775 0.0334 0.0478
0 0.6097 0.7093 0.0322 0.0569
0 0.5457 0.4650 0.0384 0.0391
0 0.4348 0.4704 0.0379 0.0462
0 0.4432 0.7837 0.0333 0.0461
0 0.4873 0.4495 0.0363 0.0452
0 0.5030 0.4817 0.0299 0.0359
