0 0.712963 0.418229 0.025926 0.019792
0 0.851852 0.511458 0.018519 0.014583
0 0.876389 0.622396 0.036111 0.019792
0 0.793056 0.652604 0.036111 0.016667
0 0.532870 0.559115 0.021296 0.020313
0 0.542130 0.614062 0.026852 0.020833
0 0.601389 0.654687 0.049074 0.025000
0 0.534722 0.656250 0.030556 0.013542
0 0.481481 0.644271 0.037037 0.016667
0 0.480556 0.656250 0.033333 0.016667
0 0.331944 0.611198 0.021296 0.014063
0 0.281019 0.565885 0.013889 0.010937
0 0.275926 0.635417 0.020370 0.011458
0 0.248148 0.650781 0.027778 0.014063
0 0.165741 0.652344 0.033333 0.017188
0 0.162963 0.622396 0.031481 0.016667
0 0.174074 0.505208 0.016667 0.016667
0 0.184722 0.477865 0.025000 0.024479
0 0.281481 0.420833 0.018519 0.012500
0 0.406944 0.394010 0.037963 0.020313
0 0.427315 0.386458 0.023148 0.021875
0 0.522222 0.475521 0.027778 0.016667
