0 0.267593 0.353906 0.029630 0.021354
0 0.276852 0.375260 0.027778 0.018229
0 0.395370 0.339844 0.042593 0.018229
0 0.262500 0.454948 0.032407 0.018229
0 0.368519 0.479167 0.033333 0.020833
0 0.474074 0.481250 0.038889 0.027083
0 0.576389 0.455208 0.039815 0.016667
0 0.643981 0.384896 0.028704 0.026042
0 0.797222 0.499479 0.031481 0.031250
0 0.775000 0.514323 0.051852 0.019271
0 0.862963 0.624479 0.038889 0.025000
0 0.364352 0.587240 0.037963 0.027604
0 0.357407 0.615104 0.031481 0.026042
0 0.320370 0.614583 0.042593 0.031250
0 0.281481 0.621615 0.044444 0.016146
0 0.228241 0.602083 0.043519 0.018750
