0 0.598148 0.409635 0.024074 0.014063
0 0.814352 0.431250 0.034259 0.013542
0 0.793519 0.454167 0.033333 0.014583
0 0.804167 0.469531 0.023148 0.017188
0 0.862037 0.491146 0.033333 0.015625
0 0.860648 0.506510 0.026852 0.017188
0 0.858333 0.521875 0.020370 0.012500
0 0.824537 0.576302 0.026852 0.014063
0 0.865741 0.666927 0.020370 0.015104
0 0.902315 0.669271 0.025000 0.016667
0 0.576389 0.462240 0.041667 0.013021
0 0.571296 0.509115 0.042593 0.019271
0 0.552778 0.517188 0.016667 0.007292
0 0.544907 0.526302 0.019444 0.010937
0 0.603241 0.559115 0.021296 0.026562
0 0.626852 0.548698 0.025926 0.018229
0 0.399074 0.523958 0.037037 0.020833
0 0.274074 0.560937 0.031481 0.013542
0 0.312500 0.566927 0.023148 0.010937
0 0.210185 0.624740 0.024074 0.021354
0 0.271296 0.653385 0.024074 0.011979
0 0.443519 0.632812 0.018519 0.014583
0 0.537500 0.666927 0.041667 0.018229
0 0.561111 0.661979 0.024074 0.012500
