0 0.304167 0.386458 0.032407 0.014583
0 0.218519 0.408594 0.022222 0.019271
0 0.228704 0.418750 0.024074 0.014583
0 0.222685 0.454167 0.026852 0.019792
0 0.346759 0.429167 0.021296 0.015625
0 0.257870 0.483333 0.041667 0.018750
0 0.243056 0.595313 0.021296 0.018750
0 0.215278 0.631510 0.032407 0.017188
0 0.226852 0.637760 0.020370 0.009896
0 0.503241 0.650781 0.026852 0.008854
0 0.575463 0.462760 0.023148 0.030729
0 0.897685 0.440885 0.034259 0.023438
0 0.927315 0.400521 0.041667 0.014583
0 0.895370 0.623177 0.014815 0.013021
0 0.913889 0.647396 0.025926 0.017708
0 0.842593 0.655729 0.038889 0.014583
