0 0.211111 0.381771 0.022222 0.013542
0 0.229630 0.392708 0.029630 0.012500
0 0.335185 0.425521 0.025926 0.015625
0 0.196296 0.520312 0.022222 0.019792
0 0.215741 0.520312 0.027778 0.019792
0 0.250926 0.503125 0.046296 0.012500
0 0.253704 0.516667 0.040741 0.014583
0 0.344444 0.641667 0.022222 0.014583
0 0.457407 0.601562 0.018519 0.015625
0 0.621296 0.612500 0.038889 0.012500
0 0.694444 0.443229 0.025926 0.017708
0 0.687963 0.469271 0.046296 0.026042
0 0.767593 0.480729 0.031481 0.023958
0 0.875000 0.427604 0.031481 0.019792
0 0.874074 0.518750 0.025926 0.016667
0 0.877778 0.550521 0.033333 0.028125
