0 0.247222 0.433073 0.035185 0.008854
0 0.255556 0.444010 0.031481 0.013021
0 0.237963 0.457031 0.033333 0.014063
0 0.307407 0.421094 0.022222 0.013021
0 0.294907 0.430990 0.019444 0.008854
0 0.336111 0.443750 0.012963 0.009375
0 0.350000 0.436458 0.018519 0.010417
0 0.417130 0.435677 0.028704 0.017188
0 0.440741 0.394010 0.024074 0.014063
0 0.443056 0.406771 0.026852 0.017708
0 0.468519 0.413802 0.024074 0.016146
0 0.508796 0.416146 0.037963 0.011458
0 0.497685 0.387760 0.015741 0.011979
0 0.527778 0.399479 0.025926 0.012500
0 0.546296 0.403385 0.018519 0.011979
0 0.587037 0.388802 0.029630 0.014063
0 0.599074 0.397917 0.007407 0.010417
0 0.805093 0.442188 0.021296 0.011458
0 0.763426 0.486979 0.025000 0.009375
0 0.823611 0.512240 0.026852 0.016146
0 0.602315 0.497917 0.026852 0.013542
0 0.601852 0.514062 0.027778 0.012500
0 0.584259 0.527083 0.024074 0.014583
0 0.250000 0.536458 0.018519 0.010417
0 0.268519 0.585156 0.029630 0.018229
0 0.323148 0.601042 0.035185 0.014583
0 0.338426 0.622656 0.026852 0.018229
0 0.367130 0.633594 0.021296 0.007812
0 0.393056 0.572396 0.026852 0.016667
0 0.399074 0.590104 0.027778 0.013542
0 0.419444 0.598177 0.024074 0.021354
0 0.634722 0.580208 0.036111 0.021875
0 0.852778 0.641667 0.018519 0.014583
0 0.872222 0.635938 0.022222 0.018750
0 0.887037 0.647917 0.031481 0.015625
0 0.269907 0.486198 0.025000 0.015104
0 0.290741 0.480990 0.025926 0.013021
0 0.315278 0.480729 0.026852 0.015625
0 0.388889 0.476562 0.035185 0.016667
0 0.399074 0.468229 0.024074 0.010417
0 0.439815 0.473177 0.029630 0.015104
0 0.435185 0.453906 0.029630 0.014063
0 0.445833 0.436198 0.025000 0.013021
0 0.467130 0.442969 0.021296 0.011979
