0 0.249537 0.404948 0.025000 0.017188
0 0.237963 0.417708 0.024074 0.017708
0 0.227778 0.458854 0.033333 0.017708
0 0.245370 0.450260 0.025926 0.016146
0 0.267593 0.447396 0.027778 0.019792
0 0.394444 0.419531 0.018519 0.013021
0 0.657870 0.435417 0.013889 0.012500
0 0.753241 0.445052 0.028704 0.011979
0 0.773611 0.441146 0.019444 0.017708
0 0.881944 0.409896 0.023148 0.018750
0 0.845370 0.546094 0.024074 0.020313
0 0.667130 0.539323 0.017593 0.015104
0 0.643981 0.541146 0.028704 0.020833
0 0.544444 0.559115 0.018519 0.013021
0 0.404167 0.551562 0.025000 0.020833
0 0.222685 0.624479 0.028704 0.016667
0 0.329167 0.618229 0.032407 0.014583
0 0.315741 0.629167 0.027778 0.012500
0 0.412500 0.620313 0.026852 0.017708
0 0.411574 0.636979 0.036111 0.017708
0 0.475000 0.638021 0.018519 0.010417
0 0.674074 0.647135 0.024074 0.013021
0 0.758796 0.602604 0.021296 0.014583
0 0.821296 0.632292 0.022222 0.014583
0 0.875000 0.642969 0.020370 0.017188
0 0.831019 0.646615 0.034259 0.014063
0 0.825000 0.659896 0.027778 0.017708
0 0.856019 0.659896 0.028704 0.018750
