0 0.838889 0.409896 0.025926 0.017708
0 0.849074 0.442188 0.024074 0.023958
0 0.613889 0.436458 0.031481 0.016667
0 0.628704 0.508333 0.024074 0.014583
0 0.633333 0.557813 0.029630 0.017708
0 0.337963 0.432812 0.042593 0.015625
0 0.273148 0.500000 0.042593 0.016667
0 0.233333 0.520312 0.040741 0.015625
0 0.167593 0.514062 0.035185 0.021875
0 0.166667 0.694271 0.037037 0.023958
0 0.263889 0.703646 0.042593 0.017708
0 0.426852 0.656771 0.027778 0.023958
0 0.400926 0.706250 0.042593 0.016667
0 0.472222 0.695833 0.029630 0.014583
0 0.683333 0.700000 0.029630 0.016667
0 0.698148 0.709375 0.040741 0.018750
0 0.835185 0.619792 0.037037 0.012500
0 0.887037 0.641667 0.033333 0.022917
0 0.895370 0.677604 0.038889 0.026042
0 0.876852 0.691146 0.027778 0.017708
0 0.844444 0.689583 0.025926 0.022917
