0 0.311111 0.438021 0.029630 0.013542
0 0.356481 0.454688 0.024074 0.013542
0 0.679630 0.452083 0.033333 0.016667
0 0.286111 0.465625 0.035185 0.016667
0 0.257407 0.499479 0.029630 0.015625
0 0.675000 0.545312 0.035185 0.015625
0 0.913889 0.561979 0.038889 0.017708
0 0.501852 0.561458 0.022222 0.014583
0 0.597222 0.642708 0.038889 0.016667
0 0.533333 0.677083 0.025926 0.014583
0 0.660185 0.688021 0.027778 0.009375
0 0.881481 0.670833 0.025926 0.014583
0 0.905556 0.682292 0.033333 0.016667
0 0.281481 0.677604 0.025926 0.015625
