0 0.260185 0.460417 0.027778 0.014583
0 0.453704 0.480729 0.025926 0.013542
0 0.472222 0.487500 0.029630 0.018750
0 0.512963 0.495833 0.033333 0.018750
0 0.609259 0.473438 0.029630 0.015625
0 0.625000 0.463021 0.024074 0.013542
0 0.719444 0.468750 0.042593 0.014583
0 0.839815 0.525521 0.020370 0.013542
0 0.715741 0.519271 0.027778 0.019792
0 0.734259 0.536979 0.024074 0.015625
0 0.749074 0.592708 0.031481 0.014583
0 0.487037 0.517188 0.029630 0.019792
0 0.425000 0.523438 0.027778 0.011458
0 0.472222 0.541146 0.025926 0.015625
0 0.539815 0.566146 0.024074 0.017708
0 0.562037 0.571354 0.031481 0.017708
0 0.575000 0.563021 0.024074 0.019792
0 0.799074 0.648958 0.024074 0.018750
0 0.578704 0.649479 0.027778 0.011458
0 0.564815 0.658333 0.033333 0.016667
0 0.528704 0.669792 0.027778 0.016667
0 0.256481 0.680208 0.024074 0.014583
