0 0.211111 0.452604 0.022222 0.013542
0 0.231481 0.460938 0.025926 0.009375
0 0.308333 0.446875 0.027778 0.012500
0 0.335185 0.455208 0.025926 0.014583
0 0.353704 0.447917 0.029630 0.014583
0 0.429630 0.471354 0.022222 0.013542
0 0.527778 0.483854 0.025926 0.011458
0 0.563889 0.488021 0.031481 0.013542
0 0.647222 0.480729 0.035185 0.011458
0 0.662037 0.472396 0.024074 0.011458
0 0.870370 0.516146 0.044444 0.013542
0 0.890741 0.529167 0.022222 0.014583
0 0.900000 0.542188 0.029630 0.017708
0 0.331481 0.508333 0.037037 0.014583
0 0.451852 0.548958 0.025926 0.010417
0 0.447222 0.575000 0.035185 0.020833
0 0.223148 0.598958 0.024074 0.014583
0 0.428704 0.632812 0.031481 0.015625
0 0.406481 0.638542 0.020370 0.012500
0 0.425926 0.651563 0.040741 0.017708
0 0.648148 0.691146 0.033333 0.026042
0 0.751852 0.700521 0.029630 0.021875
0 0.785185 0.710938 0.033333 0.026042
0 0.867593 0.721354 0.031481 0.021875
0 0.886111 0.708854 0.031481 0.019792
0 0.898148 0.693750 0.029630 0.020833
0 0.916667 0.717708 0.037037 0.020833
0 0.894444 0.676562 0.033333 0.017708
0 0.912037 0.664583 0.027778 0.016667
