0 0.741667 0.363542 0.024074 0.016667
0 0.846296 0.430729 0.029630 0.019792
0 0.878704 0.443750 0.027778 0.016667
0 0.857407 0.515625 0.029630 0.022917
0 0.618519 0.453646 0.033333 0.017708
0 0.485185 0.444792 0.040741 0.012500
0 0.412037 0.431250 0.027778 0.014583
0 0.381481 0.450000 0.033333 0.020833
0 0.143519 0.441667 0.020370 0.014583
0 0.450000 0.480208 0.037037 0.018750
0 0.414815 0.491667 0.022222 0.014583
0 0.440741 0.513021 0.033333 0.023958
0 0.479630 0.517188 0.025926 0.015625
0 0.292593 0.523958 0.029630 0.014583
0 0.320370 0.530729 0.025926 0.017708
0 0.362963 0.514583 0.029630 0.016667
0 0.358333 0.526042 0.027778 0.016667
0 0.693519 0.593750 0.020370 0.018750
0 0.657407 0.643229 0.029630 0.017708
0 0.445370 0.618750 0.031481 0.016667
0 0.470370 0.634375 0.025926 0.016667
0 0.320370 0.626563 0.018519 0.013542
0 0.296296 0.628125 0.029630 0.016667
0 0.234259 0.625000 0.024074 0.018750
0 0.200000 0.614583 0.025926 0.016667
0 0.211111 0.602604 0.025926 0.015625
0 0.169444 0.591667 0.016667 0.014583
0 0.151852 0.609896 0.025926 0.019792
