0 0.250000 0.438542 0.029630 0.016667
0 0.212037 0.457292 0.020370 0.016667
0 0.453704 0.438021 0.022222 0.015625
0 0.508333 0.414062 0.024074 0.013542
0 0.521296 0.426042 0.027778 0.016667
0 0.524074 0.454688 0.025926 0.021875
0 0.590741 0.479687 0.033333 0.019792
0 0.600000 0.493750 0.022222 0.016667
0 0.712037 0.465104 0.035185 0.026042
0 0.741667 0.478125 0.031481 0.025000
0 0.479630 0.515625 0.033333 0.020833
0 0.475000 0.534896 0.027778 0.015625
0 0.313889 0.500521 0.031481 0.013542
0 0.245370 0.522917 0.016667 0.014583
0 0.200000 0.549479 0.029630 0.013542
0 0.161111 0.569271 0.025926 0.009375
0 0.175000 0.588021 0.027778 0.017708
0 0.180556 0.616667 0.024074 0.018750
0 0.240741 0.675521 0.025926 0.015625
0 0.316667 0.657292 0.022222 0.012500
0 0.301852 0.673438 0.037037 0.013542
0 0.366667 0.708854 0.018519 0.015625
0 0.387963 0.711979 0.024074 0.013542
0 0.506481 0.718229 0.027778 0.015625
0 0.530556 0.716667 0.027778 0.018750
0 0.553704 0.698958 0.025926 0.016667
0 0.545370 0.707812 0.024074 0.013542
0 0.573148 0.705208 0.027778 0.018750
0 0.700000 0.617708 0.025926 0.018750
0 0.755556 0.685417 0.029630 0.016667
