0 0.875926 0.409635 0.031481 0.014063
0 0.582870 0.458854 0.030556 0.020833
0 0.557870 0.437240 0.021296 0.014063
0 0.450463 0.425521 0.032407 0.014583
0 0.363426 0.436198 0.030556 0.014063
0 0.365278 0.489583 0.021296 0.016667
0 0.383333 0.491406 0.018519 0.010937
0 0.277315 0.517448 0.037963 0.024479
0 0.303241 0.542708 0.034259 0.019792
0 0.330556 0.540885 0.025926 0.015104
0 0.418519 0.554167 0.038889 0.020833
0 0.479167 0.546615 0.025000 0.017188
0 0.461574 0.515104 0.026852 0.018750
0 0.482870 0.502604 0.034259 0.019792
0 0.489352 0.478646 0.028704 0.015625
0 0.677315 0.502604 0.039815 0.015625
0 0.857407 0.491927 0.031481 0.015104
0 0.865278 0.516406 0.034259 0.022396
0 0.781481 0.595052 0.031481 0.019271
0 0.514352 0.517448 0.026852 0.014063
0 0.544907 0.526563 0.028704 0.018750
0 0.502778 0.545052 0.025926 0.013021
0 0.495370 0.565625 0.022222 0.010417
0 0.299537 0.614844 0.041667 0.021354
0 0.437500 0.632031 0.034259 0.018229
0 0.459722 0.651563 0.030556 0.018750
0 0.410185 0.687500 0.037037 0.020833
0 0.591204 0.659635 0.039815 0.024479
0 0.659259 0.653646 0.040741 0.025000
0 0.721759 0.632031 0.025000 0.014063
0 0.892130 0.633854 0.041667 0.020833
0 0.842593 0.658854 0.038889 0.021875
0 0.924537 0.645833 0.034259 0.019792
0 0.843056 0.708333 0.030556 0.020833
0 0.808796 0.715104 0.032407 0.023958
0 0.634259 0.679167 0.029630 0.020833
0 0.612963 0.709896 0.038889 0.017708
0 0.544907 0.714583 0.039815 0.019792
0 0.525463 0.698958 0.030556 0.019792
0 0.495833 0.703385 0.021296 0.014063
