0 0.483796 0.433854 0.028704 0.018750
0 0.603241 0.448437 0.034259 0.017708
0 0.868981 0.449219 0.030556 0.016146
0 0.405556 0.461458 0.025926 0.019792
0 0.503704 0.528906 0.037037 0.020313
0 0.697222 0.502344 0.033333 0.014063
0 0.791204 0.536198 0.025000 0.014063
0 0.850463 0.549219 0.034259 0.014063
0 0.509259 0.561458 0.033333 0.017708
0 0.412500 0.536458 0.034259 0.016667
0 0.421296 0.551302 0.029630 0.014063
0 0.346296 0.521875 0.037037 0.017708
0 0.311111 0.520312 0.029630 0.017708
0 0.189352 0.514844 0.023148 0.011979
0 0.214352 0.589323 0.030556 0.017188
0 0.373148 0.610417 0.029630 0.023958
0 0.518519 0.651563 0.027778 0.013542
0 0.421759 0.709635 0.036111 0.016146
0 0.181019 0.681510 0.021296 0.018229
