0 0.250926 0.384375 0.027778 0.014583
0 0.282407 0.415625 0.027778 0.014583
0 0.250926 0.464583 0.024074 0.012500
0 0.248148 0.506250 0.025926 0.016667
0 0.216667 0.526042 0.033333 0.010417
0 0.214815 0.539323 0.022222 0.011979
0 0.240278 0.540365 0.025000 0.015104
0 0.214815 0.551302 0.025926 0.013021
0 0.216667 0.608333 0.027778 0.015625
0 0.223148 0.651042 0.022222 0.011458
0 0.228241 0.663281 0.028704 0.015104
0 0.288889 0.611719 0.020370 0.013021
0 0.344907 0.453385 0.019444 0.020313
0 0.376852 0.451562 0.027778 0.009375
0 0.409722 0.411458 0.017593 0.013542
0 0.425000 0.446354 0.027778 0.013542
0 0.453241 0.394010 0.015741 0.014063
0 0.473148 0.389844 0.018519 0.010937
0 0.513889 0.383854 0.027778 0.014583
0 0.509259 0.394271 0.020370 0.013542
0 0.568981 0.402865 0.028704 0.016146
0 0.680556 0.400521 0.029630 0.017708
0 0.721759 0.398177 0.037963 0.019271
0 0.595833 0.440885 0.028704 0.014063
0 0.504630 0.438281 0.022222 0.010937
0 0.468056 0.486979 0.026852 0.014583
0 0.454630 0.494531 0.018519 0.008854
0 0.445370 0.504948 0.024074 0.011979
0 0.450926 0.523698 0.027778 0.016146
0 0.482407 0.538542 0.027778 0.014583
0 0.475000 0.553125 0.025926 0.009375
0 0.406944 0.569792 0.017593 0.012500
0 0.345370 0.536719 0.025926 0.019271
0 0.323148 0.515885 0.014815 0.009896
0 0.339815 0.513542 0.018519 0.014583
0 0.395833 0.637500 0.021296 0.013542
0 0.412963 0.666927 0.025926 0.017188
0 0.589352 0.677344 0.019444 0.014063
0 0.620833 0.633854 0.023148 0.019792
0 0.621296 0.621875 0.024074 0.012500
0 0.677315 0.608333 0.021296 0.014583
0 0.735648 0.634635 0.032407 0.013021
0 0.851852 0.671615 0.031481 0.011979
0 0.832407 0.680990 0.027778 0.014063
0 0.932407 0.616146 0.020370 0.014583
0 0.950926 0.627604 0.029630 0.023958
0 0.876389 0.531250 0.025000 0.013542
0 0.876852 0.505469 0.027778 0.018229
0 0.565741 0.478125 0.020370 0.012500
0 0.649537 0.547656 0.017593 0.013021
0 0.640278 0.568490 0.026852 0.011979
0 0.715741 0.559896 0.031481 0.016667
