0 0.428241 0.408333 0.034259 0.015625
0 0.421759 0.422396 0.026852 0.013542
0 0.381019 0.429948 0.026852 0.013021
0 0.421296 0.445312 0.044444 0.018750
0 0.220370 0.441667 0.020370 0.010417
0 0.201389 0.446875 0.034259 0.015625
0 0.228704 0.467448 0.027778 0.015104
0 0.153704 0.490885 0.024074 0.014063
0 0.259722 0.485156 0.030556 0.016146
0 0.306019 0.477344 0.034259 0.017188
0 0.326852 0.470313 0.024074 0.016667
0 0.414352 0.474219 0.034259 0.014063
0 0.424537 0.486198 0.028704 0.020313
0 0.500463 0.465625 0.034259 0.012500
0 0.520833 0.474479 0.034259 0.013542
0 0.748611 0.452604 0.034259 0.012500
0 0.704167 0.475781 0.023148 0.015104
0 0.912037 0.440104 0.035185 0.022917
0 0.836111 0.418750 0.025926 0.007292
0 0.765278 0.513281 0.028704 0.016146
0 0.775000 0.532031 0.025926 0.016146
0 0.810185 0.532292 0.027778 0.012500
0 0.929167 0.636198 0.036111 0.022396
0 0.888426 0.714323 0.036111 0.019271
0 0.724537 0.689844 0.034259 0.019271
0 0.575926 0.720573 0.037037 0.018229
0 0.535185 0.696094 0.033333 0.020313
0 0.307407 0.662760 0.046296 0.020313
0 0.213426 0.655990 0.015741 0.009896
0 0.220370 0.663281 0.035185 0.010937
0 0.155093 0.688542 0.026852 0.015625
0 0.173611 0.542188 0.026852 0.017708
0 0.314352 0.524740 0.019444 0.008854
0 0.362500 0.522917 0.019444 0.012500
0 0.380093 0.519531 0.021296 0.011979
0 0.398148 0.510417 0.031481 0.019792
0 0.422685 0.507031 0.025000 0.013021
0 0.478241 0.510156 0.030556 0.018229
0 0.470833 0.529687 0.019444 0.011458
0 0.392130 0.532031 0.041667 0.019271
