0 0.227778 0.416667 0.029630 0.014583
0 0.337037 0.407292 0.033333 0.012500
0 0.356481 0.411458 0.020370 0.012500
0 0.463889 0.406771 0.020370 0.011458
0 0.630556 0.430208 0.020370 0.014583
0 0.682407 0.407813 0.016667 0.013542
0 0.785185 0.427604 0.022222 0.015625
0 0.828704 0.459375 0.024074 0.014583
0 0.876852 0.435417 0.035185 0.014583
0 0.883333 0.457292 0.022222 0.014583
0 0.816667 0.511979 0.025926 0.013542
0 0.741667 0.503646 0.024074 0.013542
0 0.809259 0.535417 0.022222 0.016667
0 0.895370 0.613021 0.012963 0.015625
0 0.917593 0.623437 0.024074 0.017708
0 0.925926 0.648958 0.025926 0.016667
0 0.894444 0.691667 0.033333 0.016667
0 0.561111 0.493229 0.025926 0.015625
0 0.476852 0.476562 0.024074 0.013542
0 0.254630 0.489063 0.027778 0.015625
0 0.359259 0.515625 0.025926 0.014583
0 0.368519 0.529687 0.025926 0.015625
0 0.565741 0.542708 0.020370 0.014583
0 0.560185 0.557292 0.027778 0.014583
0 0.555556 0.569271 0.040741 0.015625
0 0.641667 0.582812 0.027778 0.017708
0 0.481481 0.586458 0.029630 0.016667
0 0.251852 0.581771 0.018519 0.011458
0 0.302778 0.637500 0.024074 0.016667
0 0.379630 0.646875 0.029630 0.012500
0 0.368519 0.659375 0.025926 0.014583
