0 0.261574 0.374479 0.015741 0.010417
0 0.314815 0.394792 0.024074 0.015625
0 0.343519 0.387240 0.027778 0.013021
0 0.359722 0.395313 0.023148 0.010417
0 0.344907 0.406771 0.015741 0.010417
0 0.362963 0.405729 0.022222 0.012500
0 0.412037 0.406510 0.020370 0.010937
0 0.447685 0.437240 0.023148 0.014063
0 0.205556 0.436458 0.016667 0.015625
0 0.219444 0.483854 0.018519 0.008333
0 0.634722 0.373698 0.015741 0.011979
0 0.892593 0.374219 0.027778 0.011979
0 0.898148 0.394010 0.020370 0.009896
0 0.910648 0.403125 0.019444 0.010417
0 0.887500 0.413802 0.015741 0.011979
0 0.858333 0.429427 0.025926 0.011979
0 0.920370 0.428906 0.018519 0.013021
0 0.886111 0.454948 0.018519 0.010937
0 0.724537 0.458594 0.015741 0.014063
0 0.606019 0.446094 0.021296 0.013021
0 0.560185 0.457292 0.022222 0.011458
0 0.554630 0.468229 0.022222 0.012500
0 0.516667 0.482031 0.022222 0.016146
0 0.430556 0.502604 0.011111 0.012500
0 0.433333 0.515365 0.020370 0.009896
0 0.397685 0.525000 0.025000 0.015625
0 0.316204 0.534375 0.021296 0.013542
0 0.166667 0.541927 0.018519 0.010937
0 0.163889 0.588802 0.025926 0.014063
0 0.177315 0.619010 0.028704 0.016146
0 0.379167 0.594271 0.025000 0.015625
0 0.484722 0.569010 0.025000 0.014063
0 0.581481 0.538021 0.022222 0.014583
0 0.617130 0.540104 0.030556 0.014583
0 0.742593 0.532292 0.022222 0.011458
0 0.787963 0.516406 0.027778 0.011979
0 0.503704 0.585156 0.024074 0.014063
0 0.463889 0.624479 0.027778 0.012500
0 0.509259 0.635417 0.025926 0.010417
0 0.548611 0.667448 0.021296 0.011979
0 0.635648 0.662760 0.019444 0.011979
0 0.714815 0.671094 0.022222 0.015104
0 0.806019 0.667448 0.025000 0.015104
0 0.875463 0.660937 0.015741 0.012500
