0 0.196296 0.576042 0.022222 0.016667
0 0.363426 0.515885 0.015741 0.014063
0 0.393519 0.525521 0.024074 0.011458
0 0.424074 0.476302 0.018519 0.011979
0 0.522685 0.451823 0.019444 0.010937
0 0.517593 0.485677 0.020370 0.010937
0 0.554630 0.465885 0.022222 0.013021
0 0.598611 0.452344 0.026852 0.013021
0 0.659259 0.453125 0.020370 0.013542
0 0.634722 0.468750 0.026852 0.013542
0 0.639815 0.482292 0.024074 0.014583
0 0.710185 0.484375 0.022222 0.014583
0 0.740741 0.453646 0.022222 0.014583
0 0.758333 0.447135 0.022222 0.010937
0 0.730556 0.497135 0.025926 0.015104
0 0.768519 0.506771 0.022222 0.014583
0 0.885185 0.504687 0.029630 0.014583
0 0.650000 0.539062 0.025926 0.013542
0 0.671759 0.540885 0.015741 0.013021
0 0.685648 0.540365 0.013889 0.009896
0 0.747685 0.613281 0.019444 0.015104
0 0.812037 0.747656 0.025926 0.016146
0 0.575463 0.681510 0.028704 0.016146
0 0.554167 0.584635 0.017593 0.013021
0 0.415278 0.565625 0.025000 0.013542
0 0.383333 0.601562 0.027778 0.016667
0 0.308333 0.664583 0.025926 0.016667
0 0.494444 0.642969 0.029630 0.016146
0 0.479630 0.654687 0.027778 0.016667
