0 0.194907 0.374740 0.030556 0.014063
0 0.177315 0.385677 0.023148 0.014063
0 0.181481 0.427865 0.033333 0.015104
0 0.456019 0.374740 0.017593 0.013021
0 0.499537 0.393490 0.030556 0.016146
0 0.637500 0.441927 0.039815 0.019271
0 0.666204 0.433854 0.025000 0.015625
0 0.663426 0.397917 0.025000 0.018750
0 0.704167 0.404167 0.025000 0.017708
0 0.737963 0.410417 0.031481 0.016667
0 0.785648 0.365885 0.021296 0.015104
0 0.823611 0.363021 0.034259 0.015625
0 0.839352 0.420573 0.037963 0.020313
0 0.830093 0.487240 0.030556 0.016146
0 0.778241 0.482812 0.017593 0.007292
0 0.795833 0.494792 0.041667 0.020833
0 0.589815 0.492188 0.035185 0.015625
0 0.583333 0.507031 0.033333 0.016146
0 0.424537 0.466927 0.023148 0.013021
0 0.439815 0.482031 0.033333 0.013021
0 0.468519 0.496354 0.042593 0.017708
0 0.406019 0.504427 0.039815 0.018229
0 0.206944 0.546094 0.030556 0.015104
0 0.178704 0.580469 0.037037 0.016146
0 0.493519 0.564063 0.044444 0.021875
0 0.670833 0.613802 0.026852 0.019271
0 0.856944 0.622917 0.039815 0.018750
0 0.801852 0.676302 0.031481 0.025521
0 0.828704 0.673438 0.031481 0.019792
0 0.223148 0.645573 0.024074 0.014063
