2 0.124798 0.081836 0.011290 0.007414
2 0.220161 0.082549 0.021371 0.011121
2 0.310383 0.083547 0.015524 0.011406
1 0.897177 0.511691 0.041532 0.019675
1 0.806250 0.510835 0.041129 0.016823
0 0.726210 0.516538 0.016935 0.008269
1 0.096169 0.482891 0.081452 0.013402
1 0.186895 0.497434 0.081452 0.020816
4 0.042238 0.850442 0.005040 0.007129
2 0.343044 0.872968 0.025202 0.007129
4 0.394052 0.870830 0.003831 0.010835
2 0.413306 0.872398 0.015323 0.009980
2 0.528125 0.876390 0.017137 0.009410
2 0.707460 0.879812 0.025000 0.008269
4 0.680746 0.872683 0.004234 0.009980
4 0.863609 0.876533 0.006250 0.007984
