1 0.265726 0.148988 0.016129 0.014542
2 0.261895 0.166809 0.014113 0.009125
2 0.285887 0.235101 0.012903 0.009410
2 0.278629 0.258483 0.009677 0.010550
1 0.285484 0.308668 0.013710 0.034502
1 0.280444 0.447534 0.016532 0.039065
2 0.274395 0.497149 0.012500 0.010550
2 0.276210 0.568720 0.014516 0.011691
1 0.278226 0.656259 0.017742 0.041346
2 0.270565 0.684631 0.016129 0.009125
2 0.127823 0.756344 0.012097 0.007699
2 0.237298 0.820644 0.013306 0.011976
1 0.728427 0.813231 0.014919 0.033077
2 0.719960 0.747362 0.008468 0.007414
2 0.750202 0.671514 0.010887 0.009125
2 0.743952 0.693328 0.010484 0.009410
1 0.727218 0.584973 0.010081 0.016823
2 0.672782 0.565298 0.021371 0.006558
1 0.731855 0.458369 0.013710 0.041916
2 0.723589 0.488737 0.014113 0.007414
1 0.729234 0.390647 0.021371 0.040490
2 0.721169 0.420873 0.014919 0.009125
2 0.705242 0.306245 0.009677 0.016538
2 0.706048 0.236242 0.012903 0.019105
1 0.719355 0.175506 0.015323 0.037354
