4 0.226411 0.185058 0.008065 0.007984
4 0.307661 0.077417 0.005645 0.008269
4 0.377218 0.077702 0.007661 0.007699
4 0.426411 0.077559 0.008468 0.006843
1 0.932056 0.094098 0.021371 0.096949
1 0.945262 0.191332 0.008669 0.038780
1 0.648690 0.477046 0.021976 0.097519
4 0.197883 0.359994 0.005040 0.007129
4 0.268246 0.359852 0.008266 0.010265
4 0.288508 0.488309 0.010887 0.011691
4 0.405544 0.401483 0.004234 0.010265
4 0.403629 0.922726 0.006855 0.006843
4 0.224294 0.729826 0.005040 0.010550
4 0.296774 0.725549 0.007258 0.007129
4 0.639919 0.816795 0.004032 0.004277
4 0.578831 0.804391 0.005242 0.006843
1 0.672782 0.605218 0.022581 0.098375
