4 0.621774 0.133590 0.012903 0.006558
4 0.094355 0.179356 0.010484 0.009125
3 0.626815 0.288993 0.021371 0.005988
4 0.113105 0.426575 0.014113 0.008554
4 0.130040 0.552752 0.014113 0.010550
2 0.127621 0.634588 0.010887 0.023097
4 0.126613 0.683062 0.015323 0.012261
2 0.771774 0.692044 0.008871 0.027944
0 0.575806 0.797120 0.018548 0.009980
0 0.580040 0.813801 0.012500 0.011406
3 0.157863 0.847876 0.038306 0.007699
3 0.159476 0.909609 0.031855 0.009125
3 0.208468 0.909752 0.023387 0.011121
4 0.353629 0.974622 0.015323 0.011976
4 0.720363 0.980753 0.014919 0.012831
