0 0.188988 0.267692 0.138889 0.178902
0 0.320809 0.277778 0.133185 0.177910
0 0.452381 0.254134 0.136905 0.178902
0 0.583457 0.253638 0.132688 0.183862
0 0.736483 0.210483 0.128720 0.164352
0 0.866319 0.240741 0.132440 0.170635
0 0.733631 0.377646 0.138393 0.177910
1 0.206349 0.753638 0.144841 0.187169
1 0.333829 0.815146 0.133433 0.196429
1 0.463418 0.804729 0.142609 0.208664
1 0.640625 0.639054 0.130952 0.166336
1 0.617312 0.802249 0.133929 0.183201
1 0.703745 0.783565 0.127232 0.195437
1 0.764881 0.612103 0.134921 0.178571
1 0.892485 0.661706 0.152530 0.185185
