0 0.129960 0.473876 0.114583 0.140212
0 0.181052 0.600860 0.118552 0.146825
0 0.249008 0.471892 0.113591 0.140212
0 0.307292 0.596396 0.118552 0.154431
0 0.381448 0.453208 0.114087 0.146495
0 0.422619 0.618552 0.115079 0.149140
0 0.497396 0.455522 0.108879 0.141865
0 0.549727 0.588294 0.112351 0.145503
0 0.604911 0.458499 0.110615 0.131944
0 0.701637 0.590608 0.113591 0.152778
0 0.751116 0.459325 0.110863 0.132275
0 0.812376 0.591766 0.109375 0.149140
0 0.860367 0.460813 0.107639 0.133267
0 0.923611 0.595073 0.110119 0.151124
0 0.047371 0.614087 0.094246 0.156085
0 0.956473 0.450893 0.087054 0.139220
