0 0.254960 0.593089 0.116071 0.155093
0 0.296379 0.449901 0.115079 0.155093
0 0.184524 0.478175 0.115079 0.155423
0 0.125000 0.610450 0.115079 0.155423
0 0.072669 0.445933 0.116071 0.155093
0 0.731895 0.451224 0.115079 0.155093
1 0.684772 0.586806 0.115079 0.155093
0 0.621528 0.467097 0.116071 0.155093
1 0.515625 0.463790 0.115079 0.155093
0 0.373016 0.595569 0.115079 0.155423
0 0.925843 0.588790 0.116071 0.155093
1 0.811756 0.584987 0.115079 0.155423
0 0.856895 0.450397 0.115079 0.155423
1 0.410466 0.451224 0.106151 0.146495
0 0.036210 0.596892 0.071925 0.155423
0 0.950645 0.452712 0.098710 0.137566
