0 0.148438 0.440146 0.120288 0.148810
0 0.073289 0.590774 0.123264 0.159722
0 0.202381 0.589782 0.120536 0.164352
0 0.258433 0.454200 0.120040 0.146495
0 0.371652 0.421462 0.112351 0.146495
0 0.320561 0.589782 0.123264 0.151124
0 0.435764 0.572917 0.120536 0.159061
0 0.491567 0.438327 0.113095 0.156415
0 0.550843 0.574405 0.117063 0.150794
0 0.626736 0.419147 0.115575 0.135913
0 0.662574 0.575397 0.120288 0.163360
0 0.779018 0.444114 0.115079 0.150794
0 0.880828 0.574405 0.117808 0.158069
0 0.939608 0.431052 0.118800 0.149802
0 0.047371 0.444610 0.094246 0.143188
