1 0.941096 0.431548 0.116319 0.155423
1 0.821553 0.437831 0.116319 0.155423
0 0.737475 0.577216 0.115823 0.155093
0 0.696801 0.435847 0.116319 0.155423
0 0.582713 0.436839 0.116319 0.155423
0 0.531250 0.579696 0.115575 0.155423
0 0.422123 0.572421 0.115575 0.155423
0 0.465526 0.438823 0.115575 0.155423
0 0.303695 0.579200 0.116319 0.155093
0 0.187252 0.612269 0.115575 0.155093
0 0.076389 0.593089 0.115575 0.155093
0 0.158482 0.453208 0.115575 0.155093
0 0.044643 0.466601 0.088790 0.136905
1 0.360119 0.442130 0.107639 0.134259
