0 0.891741 0.547454 0.115823 0.155093
0 0.813616 0.428737 0.115823 0.155093
0 0.701017 0.422454 0.115823 0.155093
1 0.750868 0.558862 0.115823 0.155423
0 0.636285 0.552745 0.116319 0.155093
0 0.565600 0.428737 0.115823 0.155093
0 0.514509 0.556548 0.115823 0.155423
0 0.398934 0.557540 0.116319 0.155423
0 0.431672 0.419478 0.116319 0.155093
0 0.278894 0.564815 0.115823 0.155423
0 0.316592 0.414187 0.116319 0.155093
0 0.183656 0.432540 0.116319 0.155423
0 0.154638 0.584491 0.115823 0.155093
0 0.072049 0.422454 0.116319 0.155093
1 0.953249 0.409888 0.093502 0.123347
0 0.046999 0.577712 0.093502 0.147487
