1 0.137153 0.443122 0.119544 0.132275
0 0.139509 0.583003 0.127232 0.145503
1 0.331101 0.449405 0.115575 0.134259
1 0.286086 0.597388 0.112351 0.145833
0 0.471850 0.448413 0.106895 0.130291
0 0.594742 0.438823 0.112103 0.138228
1 0.416295 0.578208 0.117808 0.140542
0 0.532242 0.569610 0.110119 0.156415
0 0.641493 0.587798 0.109871 0.142526
0 0.747892 0.559028 0.105407 0.149802
1 0.780878 0.417659 0.104415 0.130291
0 0.880332 0.422454 0.105407 0.131944
0 0.855655 0.548446 0.110119 0.145833
0 0.037822 0.471396 0.075149 0.137897
0 0.953125 0.552249 0.093750 0.140873
0 0.968130 0.419974 0.063740 0.135582
