0 0.068452 0.470073 0.116071 0.155093
0 0.121652 0.605159 0.115823 0.155423
0 0.289187 0.461475 0.116071 0.159722
0 0.247768 0.613261 0.115575 0.156415
0 0.408854 0.462302 0.118304 0.158069
0 0.365947 0.613757 0.120784 0.156085
0 0.491319 0.589286 0.117063 0.156085
0 0.522569 0.445933 0.116071 0.155093
0 0.733135 0.591601 0.115575 0.155423
0 0.603175 0.602183 0.116071 0.155423
0 0.642361 0.456515 0.115575 0.155093
0 0.862847 0.594081 0.116071 0.155093
0 0.914435 0.445106 0.116071 0.155423
0 0.808532 0.432540 0.116071 0.155423
1 0.961930 0.583003 0.076141 0.150132
