1 0.911582 0.564319 0.116319 0.155093
1 0.879092 0.422454 0.116319 0.155093
1 0.766865 0.441634 0.115575 0.155093
0 0.753596 0.575397 0.116319 0.155423
0 0.639881 0.569114 0.115575 0.155423
1 0.661830 0.425761 0.116319 0.155093
0 0.547619 0.426753 0.115575 0.155093
0 0.520709 0.576224 0.116319 0.155093
0 0.392609 0.566138 0.115575 0.155423
0 0.438244 0.418155 0.115575 0.155093
0 0.323041 0.419478 0.116319 0.155093
0 0.200397 0.415179 0.115575 0.155093
0 0.112475 0.595073 0.115823 0.155093
0 0.077133 0.429233 0.115575 0.155423
