0 0.915303 0.567130 0.116319 0.155423
0 0.855407 0.409888 0.115575 0.155093
0 0.794147 0.543155 0.115575 0.155093
1 0.665055 0.425761 0.116319 0.155093
0 0.607391 0.569610 0.115575 0.155093
0 0.513641 0.416171 0.115575 0.155093
0 0.459697 0.575397 0.116319 0.155423
0 0.344742 0.582507 0.115575 0.155093
0 0.396701 0.439815 0.116319 0.155423
0 0.275174 0.438327 0.116319 0.155093
0 0.198289 0.594081 0.116319 0.155093
1 0.122024 0.439319 0.115575 0.155093
0 0.047867 0.605655 0.095238 0.152447
0 0.967758 0.396991 0.064484 0.147156
0 0.030010 0.451224 0.059524 0.149140
