1 0.939112 0.429233 0.115823 0.155423
0 0.831969 0.600364 0.116319 0.155093
0 0.815724 0.448413 0.116071 0.155423
0 0.703497 0.473380 0.115823 0.155093
0 0.671007 0.598876 0.115823 0.155423
0 0.583953 0.456515 0.116319 0.155093
0 0.549231 0.606151 0.115823 0.155423
0 0.401414 0.603175 0.116319 0.155423
0 0.458457 0.458499 0.116319 0.155093
0 0.269965 0.613757 0.116319 0.155423
0 0.347346 0.474868 0.116319 0.155423
0 0.223338 0.467097 0.116319 0.155093
0 0.157118 0.621528 0.115823 0.155093
0 0.114211 0.454696 0.116319 0.155423
0 0.051587 0.623843 0.102679 0.154431
0 0.961558 0.581184 0.076885 0.155754
