0 0.170883 0.414187 0.123016 0.146495
1 0.149182 0.564153 0.116815 0.147487
0 0.288194 0.431052 0.120040 0.147817
1 0.343502 0.569114 0.122024 0.157407
0 0.415799 0.447917 0.115327 0.147817
0 0.477059 0.591601 0.110863 0.152778
0 0.549851 0.425430 0.110119 0.138558
0 0.604043 0.573909 0.112351 0.153770
0 0.667287 0.417659 0.113343 0.143519
0 0.719866 0.564319 0.123264 0.151786
0 0.781870 0.415179 0.110863 0.138558
0 0.876364 0.558036 0.121280 0.155754
0 0.921255 0.416171 0.118304 0.151124
0 0.055556 0.436343 0.110615 0.141865
1 0.046627 0.588790 0.092758 0.160384
