0 0.941964 0.573247 0.116071 0.155093
0 0.874256 0.451554 0.116071 0.155093
0 0.812996 0.580853 0.116071 0.155093
0 0.760169 0.451554 0.116071 0.155093
0 0.691468 0.598049 0.116071 0.155093
0 0.647073 0.459821 0.116071 0.155093
0 0.575149 0.600033 0.116071 0.155093
0 0.454861 0.605655 0.116071 0.155093
0 0.439484 0.460813 0.116071 0.155093
0 0.323909 0.616898 0.116071 0.155093
0 0.333333 0.460813 0.116071 0.155093
0 0.204613 0.615906 0.116071 0.155093
0 0.214782 0.468089 0.116071 0.155093
0 0.094494 0.620866 0.116071 0.155093
0 0.079117 0.471065 0.116071 0.155093
