0 0.058160 0.504134 0.115823 0.155093
0 0.172495 0.484458 0.115327 0.155423
0 0.107515 0.637401 0.115327 0.155093
0 0.261533 0.636409 0.115327 0.155093
0 0.306548 0.481151 0.117063 0.158069
1 0.431548 0.490245 0.116071 0.155093
0 0.388021 0.625827 0.115327 0.155093
0 0.547743 0.474372 0.115327 0.155093
0 0.552579 0.622851 0.116071 0.155093
0 0.709201 0.597884 0.117808 0.155423
1 0.828249 0.621528 0.115327 0.155093
0 0.880456 0.459491 0.116071 0.155093
1 0.683284 0.452712 0.117063 0.132937
0 0.945685 0.598876 0.108631 0.157407
