0 0.908110 0.417163 0.115823 0.155093
0 0.893477 0.571925 0.115823 0.155093
0 0.758805 0.554233 0.116319 0.155423
0 0.791543 0.404597 0.116319 0.155093
0 0.563368 0.407077 0.116319 0.155423
0 0.490203 0.577216 0.116319 0.155093
0 0.381572 0.579200 0.116319 0.155093
0 0.458457 0.410880 0.116319 0.155093
0 0.337922 0.435847 0.116319 0.155423
0 0.254340 0.584491 0.116319 0.155093
0 0.220610 0.421462 0.115823 0.155093
0 0.121528 0.583499 0.116071 0.155093
0 0.055184 0.458003 0.109871 0.150132
1 0.685020 0.411872 0.111607 0.142526
