0 0.889013 0.399802 0.116319 0.155423
0 0.879836 0.544478 0.116319 0.155093
0 0.740699 0.538525 0.116319 0.155093
0 0.764757 0.394511 0.115823 0.155423
0 0.646701 0.398810 0.116319 0.155423
0 0.624628 0.546462 0.115823 0.155093
0 0.513269 0.555721 0.116319 0.155093
0 0.501860 0.399471 0.116319 0.155423
0 0.377852 0.552745 0.115823 0.155093
0 0.390253 0.407573 0.115823 0.155093
0 0.265501 0.553737 0.115823 0.155093
0 0.258309 0.404597 0.116319 0.155093
0 0.130580 0.566468 0.116319 0.155423
1 0.118924 0.420470 0.121776 0.147817
0 0.037202 0.559028 0.073909 0.154431
0 0.033358 0.408069 0.066220 0.150132
1 0.969122 0.398810 0.061756 0.139550
