0 0.181796 0.472388 0.120040 0.149802
0 0.296255 0.469081 0.110367 0.149802
1 0.143973 0.616237 0.114831 0.145833
0 0.369296 0.610450 0.115575 0.144841
0 0.418155 0.477183 0.104663 0.144841
0 0.523934 0.450728 0.114831 0.147487
0 0.481275 0.588294 0.109871 0.150132
1 0.592510 0.604167 0.109127 0.138228
0 0.633929 0.477679 0.108631 0.139220
1 0.737723 0.454200 0.116319 0.134590
1 0.718626 0.592097 0.109375 0.151786
0 0.829489 0.592593 0.112351 0.156085
1 0.852555 0.445933 0.108383 0.138558
1 0.951885 0.465278 0.096230 0.145503
1 0.043527 0.621528 0.086558 0.160384
