0 0.879588 0.440146 0.116319 0.155423
0 0.847594 0.565642 0.116319 0.155093
0 0.771701 0.425761 0.116319 0.155093
0 0.720734 0.570933 0.116071 0.155093
0 0.665799 0.428737 0.116319 0.155093
0 0.552207 0.569114 0.116319 0.155423
0 0.559276 0.421462 0.116071 0.155093
0 0.386037 0.582507 0.116319 0.155093
0 0.417783 0.427249 0.116319 0.155423
0 0.270957 0.579200 0.116319 0.155093
0 0.307416 0.428737 0.116319 0.155093
0 0.160094 0.594081 0.116319 0.155093
0 0.190476 0.441138 0.116071 0.155423
1 0.048115 0.445106 0.095734 0.157407
0 0.959945 0.404927 0.080109 0.142526
0 0.950645 0.570767 0.098710 0.152116
