0 0.886037 0.535880 0.116319 0.155093
0 0.842758 0.389385 0.115575 0.155093
0 0.739459 0.395503 0.116319 0.155423
0 0.750000 0.538194 0.115575 0.155093
1 0.605283 0.537864 0.116319 0.155093
0 0.615451 0.398810 0.116319 0.155423
0 0.470734 0.540840 0.115575 0.155093
0 0.488963 0.403770 0.116319 0.155423
0 0.343750 0.548446 0.115575 0.155093
0 0.343750 0.395172 0.115575 0.155423
0 0.210193 0.543155 0.116319 0.155093
0 0.223710 0.398479 0.115575 0.155423
0 0.090402 0.544478 0.115823 0.155093
0 0.095734 0.399471 0.115575 0.155423
1 0.959821 0.415675 0.079365 0.133598
