1 0.941096 0.547454 0.116319 0.155093
0 0.871652 0.408069 0.115823 0.155423
0 0.762401 0.539352 0.115575 0.155423
0 0.760293 0.395503 0.116319 0.155423
0 0.646453 0.418155 0.116319 0.155093
0 0.653770 0.564319 0.115575 0.155093
0 0.543279 0.569114 0.116319 0.155423
0 0.496652 0.408896 0.116319 0.155093
0 0.421131 0.584491 0.115575 0.155093
0 0.357639 0.426257 0.115575 0.155423
0 0.218006 0.572421 0.115575 0.155423
0 0.194568 0.417163 0.116319 0.155093
1 0.059276 0.441634 0.115575 0.155093
0 0.968006 0.425265 0.062500 0.140873
