0 0.873388 0.438823 0.115823 0.155423
1 0.843130 0.584491 0.115823 0.155093
0 0.730903 0.582507 0.116071 0.155093
0 0.728547 0.441634 0.116319 0.155093
0 0.571305 0.595569 0.116319 0.155423
0 0.581225 0.451224 0.115823 0.155093
0 0.470858 0.440642 0.115823 0.155093
0 0.382316 0.580688 0.116319 0.155423
0 0.339410 0.457507 0.116319 0.155093
0 0.253100 0.590608 0.115823 0.155423
0 0.169519 0.467097 0.115823 0.155093
0 0.047619 0.599868 0.094742 0.167989
0 0.040427 0.445437 0.080357 0.145503
1 0.951513 0.559358 0.096974 0.151786
