0 0.448437 0.111458 0.050000 0.097917
0 0.590625 0.114583 0.081250 0.066667
0 0.768750 0.218750 0.059375 0.058333
0 0.695312 0.334375 0.109375 0.085417
0 0.694531 0.486458 0.023438 0.047917
0 0.773438 0.591667 0.078125 0.075000
0 0.591406 0.563542 0.101562 0.056250
0 0.464062 0.557292 0.043750 0.077083
0 0.392969 0.545833 0.039062 0.087500
0 0.296875 0.521875 0.181250 0.168750
0 0.257812 0.415625 0.106250 0.039583
0 0.307812 0.260417 0.081250 0.070833
0 0.467969 0.396875 0.073438 0.039583
0 0.459375 0.259375 0.050000 0.072917
